posX,posY,posZ,RotX,RotY,RotZ,RotW,vPosX,vPosY,vPosZ,initH
-0.876834,0.2412636,0.6296647,-0.876834,16.33924,0.6296647,0.02001767,0.1669815,-0.4535894,0.875199,0.1570129
-0.8768539,0.2413163,0.6296237,-0.8768539,16.3393,0.6296237,0.02003664,0.1664508,-0.4536147,0.8752865,0.1570129
-0.8768963,0.2413657,0.6296405,-0.8768963,16.33935,0.6296405,0.01994645,0.1659932,-0.4535277,0.8754205,0.1570129
-0.8769438,0.2414494,0.629617,-0.8769438,16.33943,0.629617,0.02014752,0.165389,-0.4537342,0.8754233,0.1570129
-0.8769968,0.241493,0.6296297,-0.8769968,16.33947,0.6296297,0.02038026,0.1647635,-0.4537578,0.8755236,0.1570129
-0.8771145,0.2415824,0.6297148,-0.8771145,16.33956,0.6297148,0.02046453,0.1640042,-0.4535777,0.8757575,0.1570129
-0.8774421,0.241504,0.630017,-0.8774421,16.33949,0.630017,0.02089793,0.1626492,-0.453529,0.8760251,0.1570129
-0.8776282,0.2415211,0.6301892,-0.8776282,16.3395,0.6301892,0.02144897,0.1612512,-0.4534893,0.8762907,0.1570129
-0.8775897,0.2415054,0.6303601,-0.8775897,16.33949,0.6303601,0.02194551,0.1599215,-0.453461,0.8765367,0.1570129
-0.8777065,0.2415926,0.6305177,-0.8777065,16.33957,0.6305177,0.02224863,0.1589332,-0.4535764,0.8766491,0.1570129
-0.8776608,0.2416155,0.6304797,-0.8776608,16.3396,0.6304797,0.022197,0.1587856,-0.453672,0.8766277,0.1570129
-0.877741,0.2418571,0.6305414,-0.877741,16.33984,0.6305414,0.02183387,0.1589955,-0.4536114,0.8766301,0.1570129
-0.877777,0.241894,0.6305718,-0.877777,16.33987,0.6305718,0.0216643,0.1583454,-0.4535733,0.8767717,0.1570129
-0.8778837,0.2420475,0.6305462,-0.8778837,16.34003,0.6305462,0.02186967,0.1570783,-0.4535511,0.8770061,0.1570129
-0.8780053,0.2420161,0.6305255,-0.8780053,16.34,0.6305255,0.02283661,0.154729,-0.4535459,0.8774016,0.1570129
-0.8781295,0.2420518,0.6304924,-0.8781295,16.34003,0.6304924,0.02311871,0.1536601,-0.453524,0.8775933,0.1570129
-0.8783638,0.242141,0.6306425,-0.8783638,16.34012,0.6306425,0.02332597,0.1524008,-0.4537379,0.8776969,0.1570129
-0.8784186,0.2425234,0.6308249,-0.8784186,16.3405,0.6308249,0.02274704,0.1520237,-0.4538113,0.8777396,0.1570129
-0.8782715,0.2426312,0.6308721,-0.8782715,16.34061,0.6308721,0.02231584,0.1517849,-0.4539413,0.8777248,0.1570129
-0.8784338,0.2427113,0.6309536,-0.8784338,16.34069,0.6309536,0.02175319,0.1514375,-0.4540769,0.8777287,0.1570129
-0.8782797,0.2424612,0.6306623,-0.8782797,16.34044,0.6306623,0.02142395,0.1507929,-0.4543807,0.8776906,0.1570129
-0.8784269,0.2424033,0.630244,-0.8784269,16.34038,0.630244,0.02106695,0.1501963,-0.4547101,0.8776309,0.1570129
-0.8782607,0.2426867,0.6301322,-0.8782607,16.34067,0.6301322,0.02075052,0.1500595,-0.4549596,0.8775325,0.1570129
-0.8780116,0.2426958,0.629843,-0.8780116,16.34068,0.629843,0.01980438,0.1505332,-0.4552631,0.8773158,0.1570129
-0.877979,0.2428367,0.629568,-0.877979,16.34082,0.629568,0.01913469,0.1503927,-0.4556059,0.8771769,0.1570129
-0.8778628,0.2428873,0.6292557,-0.8778628,16.34087,0.6292557,0.01848952,0.150786,-0.4558498,0.8769965,0.1570129
-0.877848,0.2431357,0.6290925,-0.877848,16.34112,0.6290925,0.01772333,0.1506118,-0.4560982,0.876913,0.1570129
-0.8775985,0.2432215,0.6289444,-0.8775985,16.3412,0.6289444,0.01716293,0.150461,-0.456305,0.8768424,0.1570129
-0.8776467,0.2432415,0.6288726,-0.8776467,16.34122,0.6288726,0.01663698,0.1504305,-0.4567439,0.8766293,0.1570129
-0.8775363,0.2432897,0.628521,-0.8775363,16.34127,0.628521,0.01602844,0.1505681,-0.4569449,0.8765122,0.1570129
-0.8773986,0.2433112,0.6281916,-0.8773986,16.34129,0.6281916,0.01522898,0.1506929,-0.4572278,0.8763576,0.1570129
-0.877602,0.2431726,0.6281261,-0.877602,16.34115,0.6281261,0.01449813,0.150358,-0.4575674,0.8762502,0.1570129
-0.8773534,0.2431109,0.6276358,-0.8773534,16.34109,0.6276358,0.01407889,0.1506368,-0.4579013,0.8760347,0.1570129
-0.8773534,0.2431109,0.6276358,-0.8773534,16.34109,0.6276358,0.01407889,0.1506368,-0.4579013,0.8760347,0.1570129
-0.8770005,0.2433345,0.6270442,-0.8770005,16.34131,0.6270442,0.01226062,0.1527768,-0.4582691,0.8754989,0.1570129
-0.8769517,0.2433329,0.6269356,-0.8769517,16.34131,0.6269356,0.01129332,0.1534121,-0.4585571,0.87525,0.1570129
-0.876838,0.2434578,0.626937,-0.876838,16.34144,0.626937,0.01062152,0.1540109,-0.4587643,0.8750447,0.1570129
-0.8769832,0.2437756,0.6268636,-0.8769832,16.34176,0.6268636,0.01009205,0.1538695,-0.4587966,0.8750589,0.1570129
-0.8765465,0.2441235,0.6267127,-0.8765465,16.3421,0.6267127,0.009754174,0.1533838,-0.4591629,0.8749558,0.1570129
-0.8764712,0.2441418,0.6263286,-0.8764712,16.34212,0.6263286,0.009294996,0.1530421,-0.4592385,0.874981,0.1570129
-0.8763406,0.2441399,0.6260604,-0.8763406,16.34212,0.6260604,0.008738904,0.1532079,-0.4592927,0.8749293,0.1570129
-0.876546,0.2441833,0.6258315,-0.876546,16.34216,0.6258315,0.007872352,0.1535678,-0.4594321,0.8748012,0.1570129
-0.8765061,0.2443006,0.625711,-0.8765061,16.34228,0.625711,0.007372885,0.153461,-0.459783,0.87464,0.1570129
-0.8765166,0.2443638,0.6255791,-0.8765166,16.34234,0.6255791,0.00696336,0.1527404,-0.4600644,0.8746215,0.1570129
-0.8766671,0.2447093,0.6255554,-0.8766671,16.34269,0.6255554,0.007124139,0.1522376,-0.4604027,0.8745298,0.1570129
-0.8767635,0.244765,0.6252773,-0.8767635,16.34274,0.6252773,0.006693862,0.1523592,-0.4605995,0.8744083,0.1570129
-0.8771632,0.2444563,0.6255847,-0.8771632,16.34244,0.6255847,0.006555528,0.1520206,-0.4605742,0.8744817,0.1570129
-0.8771424,0.2444832,0.6253283,-0.8771424,16.34246,0.6253283,0.006317066,0.1516148,-0.4608872,0.874389,0.1570129
-0.8771996,0.2447374,0.6252681,-0.8771996,16.34272,0.6252681,0.006071694,0.1516484,-0.4611365,0.8742535,0.1570129
-0.8770574,0.2449074,0.6253656,-0.8770574,16.34289,0.6253656,0.00570344,0.1516029,-0.461362,0.8741448,0.1570129
-0.8766592,0.245656,0.6249044,-0.8766592,16.34364,0.6249044,0.005549838,0.1508942,-0.4616283,0.8741278,0.1570129
-0.8763779,0.2453482,0.624697,-0.8763779,16.34333,0.624697,0.005457785,0.1502096,-0.461771,0.874171,0.1570129
-0.8765411,0.2454095,0.6244287,-0.8765411,16.34339,0.6244287,0.005151599,0.1498685,-0.4619038,0.8741612,0.1570129
-0.8773497,0.2445815,0.6251383,-0.8773497,16.34256,0.6251383,0.005316719,0.1496011,-0.4620622,0.8741223,0.1570129
-0.8770803,0.2440794,0.6244264,-0.8770803,16.34206,0.6244264,0.005034568,0.1494541,-0.462348,0.873998,0.1570129
-0.8768097,0.2440906,0.6245422,-0.8768097,16.34207,0.6245422,0.004768561,0.1493748,-0.4626554,0.8738503,0.1570129
-0.8768642,0.2439454,0.6245166,-0.8768642,16.34193,0.6245166,0.004643488,0.1496758,-0.4627312,0.8737593,0.1570129
-0.8764832,0.2441993,0.6249397,-0.8764832,16.34218,0.6249397,0.004473506,0.1495148,-0.4628305,0.8737352,0.1570129
-0.8763757,0.2441878,0.6244819,-0.8763757,16.34217,0.6244819,0.004416517,0.1491774,-0.4628176,0.8738,0.1570129
-0.8766334,0.2446024,0.624593,-0.8766334,16.34258,0.624593,0.00411252,0.1493058,-0.4627347,0.8738235,0.1570129
-0.8758425,0.2455313,0.6237037,-0.8758425,16.34351,0.6237037,0.004146799,0.1483468,-0.4631136,0.873786,0.1570129
-0.8759131,0.2456293,0.6236132,-0.8759131,16.34361,0.6236132,0.004218055,0.147967,-0.4629765,0.8739226,0.1570129
-0.8758042,0.2460263,0.6233236,-0.8758042,16.34401,0.6233236,0.003976196,0.1477538,-0.4628589,0.8740221,0.1570129
-0.8757833,0.2462034,0.623473,-0.8757833,16.34418,0.623473,0.003846668,0.1475147,-0.4628011,0.8740937,0.1570129
-0.8757246,0.2461567,0.6233445,-0.8757246,16.34414,0.6233445,0.003738621,0.1471446,-0.462736,0.874191,0.1570129
-0.8758413,0.2461674,0.6231562,-0.8758413,16.34415,0.6231562,0.003730641,0.1467268,-0.462854,0.8741989,0.1570129
-0.8762374,0.245898,0.6237034,-0.8762374,16.34388,0.6237034,0.003860202,0.1464973,-0.4630422,0.874137,0.1570129
-0.8761957,0.2459638,0.6236614,-0.8761957,16.34394,0.6236614,0.003746585,0.1464745,-0.4630779,0.8741224,0.1570129
-0.8764892,0.2458482,0.6239024,-0.8764892,16.34383,0.6239024,0.003728644,0.1464765,-0.4631878,0.874064,0.1570129
-0.87647,0.2458453,0.6237097,-0.87647,16.34383,0.6237097,0.003732638,0.1465468,-0.4632314,0.874029,0.1570129
-0.8763367,0.2457085,0.6236218,-0.8763367,16.34369,0.6236218,0.003577722,0.1463252,-0.4633163,0.8740218,0.1570129
-0.8770192,0.2450058,0.6243064,-0.8770192,16.34299,0.6243064,0.003645797,0.1463688,-0.4630236,0.8741693,0.1570129
-0.877086,0.2448912,0.6242085,-0.877086,16.34287,0.6242085,0.003867915,0.1461817,-0.4631149,0.8741513,0.1570129
-0.8767627,0.2447634,0.6244016,-0.8767627,16.34274,0.6244016,0.003821405,0.1463111,-0.4631022,0.8741366,0.1570129
-0.8763626,0.2452564,0.6239967,-0.8763626,16.34324,0.6239967,0.003732638,0.1462431,-0.463296,0.8740457,0.1570129
-0.8763626,0.2452564,0.6239967,-0.8763626,16.34324,0.6239967,0.003732638,0.1462431,-0.463296,0.8740457,0.1570129
-0.8766874,0.2456837,0.6241232,-0.8766874,16.34366,0.6241232,0.003865988,0.1460747,-0.4634238,0.8740056,0.1570129
-0.8767291,0.2456737,0.6240524,-0.8767291,16.34365,0.6240524,0.003981813,0.1458413,-0.4633976,0.8740579,0.1570129
-0.8767536,0.2456746,0.6240609,-0.8767536,16.34365,0.6240609,0.004175447,0.1456313,-0.4633196,0.8741333,0.1570129
-0.8767319,0.245667,0.6242136,-0.8767319,16.34365,0.6242136,0.00408343,0.1456511,-0.4633085,0.8741363,0.1570129
-0.8767316,0.2456205,0.6241664,-0.8767316,16.3436,0.6241664,0.00422864,0.1458703,-0.463375,0.8740638,0.1570129
-0.8768541,0.2457256,0.6242298,-0.8768541,16.34371,0.6242298,0.004198581,0.146161,-0.4632729,0.8740696,0.1570129
-0.8768729,0.245815,0.6242326,-0.8768729,16.3438,0.6242326,0.004085254,0.1462272,-0.4632513,0.8740705,0.1570129
-0.8768965,0.245779,0.6241651,-0.8768965,16.34376,0.6241651,0.004203901,0.1463582,-0.4631394,0.8741073,0.1570129
-0.8768927,0.2457287,0.6241089,-0.8768927,16.34371,0.6241089,0.00422864,0.1462771,-0.4630437,0.8741714,0.1570129
-0.8768084,0.2457168,0.6241608,-0.8768084,16.3437,0.6241608,0.0041324,0.1464553,-0.463083,0.8741212,0.1570129
-0.8770957,0.2455266,0.6247115,-0.8770957,16.34351,0.6247115,0.004334786,0.1464813,-0.4630588,0.8741287,0.1570129
-0.8768492,0.245131,0.6245478,-0.8768492,16.34311,0.6245478,0.004406383,0.146657,-0.4632709,0.8739865,0.1570129
-0.8770095,0.2450285,0.6244209,-0.8770095,16.34301,0.6244209,0.004260236,0.1466837,-0.4632837,0.8739759,0.1570129
-0.8769528,0.2451365,0.6243758,-0.8769528,16.34312,0.6243758,0.004307197,0.1466801,-0.4633938,0.873918,0.1570129
-0.8769222,0.2451508,0.624584,-0.8769222,16.34313,0.624584,0.004593479,0.1467575,-0.4634378,0.8738801,0.1570129
-0.877028,0.2452948,0.6246823,-0.877028,16.34328,0.6246823,0.004562557,0.1468942,-0.4634453,0.8738534,0.1570129
-0.8771087,0.2452741,0.6248448,-0.8771087,16.34325,0.6248448,0.004670686,0.1469089,-0.4635739,0.8737822,0.1570129
-0.8770787,0.24524,0.6249516,-0.8770787,16.34322,0.6249516,0.004763871,0.1471749,-0.4636196,0.8737126,0.1570129
-0.8770529,0.2451513,0.6249367,-0.8770529,16.34313,0.6249367,0.00467228,0.1473109,-0.4635634,0.87372,0.1570129
-0.8770869,0.2451937,0.6249583,-0.8770869,16.34317,0.6249583,0.004757612,0.1473464,-0.4636216,0.8736827,0.1570129
-0.8770893,0.245151,0.6249737,-0.8770893,16.34313,0.6249737,0.004757611,0.1474712,-0.4636706,0.8736356,0.1570129
-0.8770502,0.244947,0.6247313,-0.8770502,16.34293,0.6247313,0.00472461,0.147709,-0.4634992,0.8736866,0.1570129
-0.8771073,0.2451456,0.6244155,-0.8771073,16.34313,0.6244155,0.004575602,0.1478224,-0.463585,0.8736227,0.1570129
-0.8771429,0.2452054,0.6246455,-0.8771429,16.34319,0.6246455,0.004649902,0.1476658,-0.4633833,0.8737558,0.1570129
-0.8770394,0.244879,0.624419,-0.8770394,16.34286,0.624419,0.004632242,0.1478086,-0.4633726,0.8737374,0.1570129
-0.8770924,0.2449129,0.6244658,-0.8770924,16.34289,0.6244658,0.004518251,0.1480549,-0.4633368,0.8737153,0.1570129
-0.8770665,0.2449441,0.6244996,-0.8770665,16.34292,0.6244996,0.004580484,0.1482939,-0.4632865,0.873701,0.1570129
-0.8771012,0.2449746,0.6244667,-0.8771012,16.34295,0.6244667,0.0044785,0.1486208,-0.4633741,0.8735996,0.1570129
-0.8770478,0.2449658,0.6243832,-0.8770478,16.34295,0.6243832,0.004495106,0.1488641,-0.4634778,0.8735031,0.1570129
-0.8772218,0.245245,0.6244521,-0.8772218,16.34323,0.6244521,0.004503386,0.148845,-0.4634624,0.8735145,0.1570129
-0.8772993,0.2451527,0.6248831,-0.8772993,16.34313,0.6248831,0.004654706,0.1488443,-0.4634995,0.8734941,0.1570129
-0.8773699,0.2452505,0.6249113,-0.8773699,16.34323,0.6249113,0.004632242,0.1490971,-0.463506,0.8734477,0.1570129
-0.8774703,0.2452588,0.6249865,-0.8774703,16.34324,0.6249865,0.004591857,0.1492627,-0.4636878,0.8733231,0.1570129
-0.8775033,0.2452171,0.6249745,-0.8775033,16.3432,0.6249745,0.004593479,0.149251,-0.4639056,0.8732094,0.1570129
-0.8776015,0.2452407,0.624923,-0.8776015,16.34322,0.624923,0.004539638,0.1494809,-0.4640371,0.8731005,0.1570129
-0.8778752,0.2450933,0.6249579,-0.8778752,16.34307,0.6249579,0.0045199,0.1494364,-0.4641994,0.8730219,0.1570129
-0.8778623,0.2449706,0.6247559,-0.8778623,16.34295,0.6247559,0.004612901,0.1494356,-0.4644198,0.8729044,0.1570129
-0.8776125,0.2445354,0.6244903,-0.8776125,16.34252,0.6244903,0.004541278,0.1498335,-0.4647406,0.8726657,0.1570129
-0.8777273,0.2443039,0.6247538,-0.8777273,16.34229,0.6247538,0.004614517,0.1501983,-0.4652219,0.8723462,0.1570129
-0.8775336,0.2442544,0.6248229,-0.8775336,16.34224,0.6248229,0.004776367,0.1505298,-0.4656131,0.8720794,0.1570129
-0.8773477,0.244154,0.6247451,-0.8773477,16.34213,0.6247451,0.004830654,0.1509492,-0.4659024,0.871852,0.1570129
-0.8773477,0.244154,0.6247451,-0.8773477,16.34213,0.6247451,0.004830654,0.1509492,-0.4659024,0.871852,0.1570129
-0.8772452,0.2443647,0.6246308,-0.8772452,16.34235,0.6246308,0.004781044,0.1512508,-0.4667967,0.8713215,0.1570129
-0.8769766,0.2443018,0.6247153,-0.8769766,16.34228,0.6247153,0.004768561,0.1514966,-0.4670557,0.8711401,0.1570129
-0.8771677,0.2440727,0.6249599,-0.8771677,16.34205,0.6249599,0.00480126,0.1519801,-0.467441,0.870849,0.1570129
-0.8770838,0.2440894,0.6252497,-0.8770838,16.34207,0.6252497,0.004844515,0.1524265,-0.4679058,0.870521,0.1570129
-0.8771776,0.2441502,0.6252735,-0.8771776,16.34213,0.6252735,0.004787273,0.1525344,-0.4681032,0.8703963,0.1570129
-0.8770379,0.2442143,0.6252493,-0.8770379,16.3422,0.6252493,0.004850663,0.1527561,-0.4686516,0.8700619,0.1570129
-0.8768259,0.2440209,0.6249938,-0.8768259,16.342,0.6249938,0.005137116,0.1527353,-0.469076,0.8698352,0.1570129
-0.8764296,0.2436376,0.6248078,-0.8764296,16.34162,0.6248078,0.005229114,0.1534277,-0.4695447,0.8694598,0.1570129
-0.8760861,0.2437806,0.624795,-0.8760861,16.34176,0.624795,0.005277336,0.1538066,-0.4700652,0.8691112,0.1570129
-0.8758974,0.2437227,0.6247015,-0.8758974,16.3417,0.6247015,0.005239078,0.1541327,-0.4704857,0.8688262,0.1570129
-0.8758985,0.2438374,0.6247953,-0.8758985,16.34182,0.6247953,0.005239078,0.1542337,-0.4707379,0.8686717,0.1570129
-0.8760147,0.2437713,0.6249233,-0.8760147,16.34175,0.6249233,0.005402904,0.154392,-0.4709247,0.8685412,0.1570129
-0.8759162,0.2437897,0.6251136,-0.8759162,16.34177,0.6251136,0.005776132,0.1543668,-0.4712196,0.8683833,0.1570129
-0.8759871,0.2440517,0.6252656,-0.8759871,16.34203,0.6252656,0.005777422,0.1545415,-0.4715153,0.8681917,0.1570129
-0.8761722,0.2439601,0.6252458,-0.8761722,16.34194,0.6252458,0.005719095,0.1550755,-0.4718952,0.8678905,0.1570129
-0.8760468,0.2438509,0.6250755,-0.8760468,16.34183,0.6250755,0.005841546,0.1554608,-0.4723578,0.867569,0.1570129
-0.8758607,0.2436612,0.6250103,-0.8758607,16.34164,0.6250103,0.005815981,0.155714,-0.4727589,0.8673052,0.1570129
-0.8754665,0.2436159,0.6251886,-0.8754665,16.3416,0.6251886,0.005918837,0.1561071,-0.4733151,0.8669304,0.1570129
-0.8752068,0.2436604,0.6249762,-0.8752068,16.34164,0.6249762,0.006440872,0.1561365,-0.4738851,0.86661,0.1570129
-0.8749371,0.2437336,0.6250321,-0.8749371,16.34171,0.6250321,0.00632296,0.1570621,-0.4745502,0.8660794,0.1570129
-0.8748473,0.2435949,0.6252599,-0.8748473,16.34158,0.6252599,0.006275649,0.1575007,-0.4750788,0.8657103,0.1570129
-0.8745536,0.2435331,0.6251456,-0.8745536,16.34151,0.6251456,0.006421177,0.1580601,-0.4757184,0.8652559,0.1570129
-0.8744444,0.2436478,0.6251578,-0.8744444,16.34163,0.6251578,0.006395599,0.1584657,-0.4762443,0.8648925,0.1570129
-0.8743631,0.243607,0.6253005,-0.8743631,16.34159,0.6253005,0.006395017,0.1588329,-0.4768034,0.8645171,0.1570129
-0.8742776,0.2435858,0.625396,-0.8742776,16.34157,0.625396,0.006556665,0.1595124,-0.4772633,0.8641369,0.1570129
-0.8740389,0.243433,0.6253672,-0.8740389,16.34141,0.6253672,0.00666486,0.1595125,-0.4777441,0.8638703,0.1570129
-0.873922,0.2434685,0.6253781,-0.873922,16.34145,0.6253781,0.006761417,0.1595681,-0.4781907,0.8636122,0.1570129
-0.8737087,0.2434478,0.6253799,-0.8737087,16.34143,0.6253799,0.00716117,0.1595596,-0.4787009,0.8633279,0.1570129
-0.8734882,0.2434294,0.6253746,-0.8734882,16.34141,0.6253746,0.007266004,0.1606021,-0.4791775,0.8628691,0.1570129
-0.8734257,0.2434444,0.6255268,-0.8734257,16.34142,0.6255268,0.007144503,0.1612271,-0.4795906,0.862524,0.1570129
-0.8733233,0.2433937,0.6253779,-0.8733233,16.34137,0.6253779,0.007512533,0.1611169,-0.479914,0.8623616,0.1570129
-0.8732454,0.2432909,0.625306,-0.8732454,16.34127,0.625306,0.007652553,0.1613641,-0.4801511,0.8621821,0.1570129
-0.8732672,0.2432518,0.6254412,-0.8732672,16.34123,0.6254412,0.007880867,0.1615606,-0.4802959,0.8620626,0.1570129
-0.8731766,0.2432978,0.625649,-0.8731766,16.34128,0.625649,0.007958947,0.1618347,-0.4805979,0.8618422,0.1570129
-0.8731766,0.2432978,0.625649,-0.8731766,16.34128,0.625649,0.007958947,0.1618347,-0.4805979,0.8618422,0.1570129
-0.8731766,0.2432978,0.625649,-0.8731766,16.34128,0.625649,0.007958947,0.1618347,-0.4805979,0.8618422,0.1570129
-0.872713,0.243021,0.6259193,-0.872713,16.341,0.6259193,0.008349109,0.1630404,-0.4815686,0.861069,0.1570129
-0.8725332,0.2429185,0.6258991,-0.8725332,16.3409,0.6258991,0.008595346,0.1637307,-0.4818652,0.8607696,0.1570129
-0.8725021,0.2429013,0.6258897,-0.8725021,16.34088,0.6258897,0.00853227,0.1639729,-0.4821059,0.8605894,0.1570129
-0.872453,0.2428501,0.6258322,-0.872453,16.34083,0.6258322,0.008618718,0.1642148,-0.4822774,0.8604463,0.1570129
-0.8726234,0.243166,0.6260246,-0.8726234,16.34115,0.6260246,0.008787367,0.1649077,-0.4823458,0.8602737,0.1570129
-0.8726405,0.2431662,0.6261652,-0.8726405,16.34115,0.6261652,0.00884652,0.1652747,-0.4825438,0.8600916,0.1570129
-0.8726324,0.2431579,0.6263106,-0.8726324,16.34114,0.6263106,0.009104677,0.1654064,-0.4825743,0.8600464,0.1570129
-0.8725405,0.2430303,0.6263026,-0.8725405,16.34101,0.6263026,0.009295798,0.1658325,-0.4826443,0.8599231,0.1570129
-0.8723735,0.2431383,0.6262604,-0.8723735,16.34112,0.6262604,0.009473631,0.1661969,-0.4827683,0.8597811,0.1570129
-0.8722903,0.2431424,0.6263236,-0.8722903,16.34112,0.6263236,0.009680953,0.1665292,-0.4829164,0.8596314,0.1570129
-0.8719933,0.2428529,0.6261983,-0.8719933,16.34083,0.6261983,0.009918542,0.1667424,-0.4830337,0.8595214,0.1570129
-0.8719457,0.2428207,0.6261786,-0.8719457,16.3408,0.6261786,0.01012006,0.1672131,-0.4830725,0.8594058,0.1570129
-0.8719076,0.2429302,0.6264566,-0.8719076,16.34091,0.6264566,0.01042398,0.1675663,-0.4832732,0.8592206,0.1570129
-0.8717618,0.2427878,0.6264527,-0.8717618,16.34077,0.6264527,0.01081787,0.1674827,-0.4833134,0.8592094,0.1570129
-0.8717054,0.2427342,0.6267635,-0.8717054,16.34072,0.6267635,0.01100395,0.1680593,-0.4832704,0.8591186,0.1570129
-0.8716593,0.2427044,0.6268384,-0.8716593,16.34068,0.6268384,0.01121055,0.168395,-0.4833287,0.8590174,0.1570129
-0.871688,0.2427921,0.6270518,-0.871688,16.34077,0.6270518,0.01140492,0.1686133,-0.4831609,0.8590664,0.1570129
-0.871815,0.2427158,0.626941,-0.871815,16.3407,0.626941,0.0116748,0.1690349,-0.483163,0.8589787,0.1570129
-0.8718282,0.242702,0.6270776,-0.8718282,16.34068,0.6270776,0.0118578,0.1692698,-0.4831598,0.8589318,0.1570129
-0.871824,0.2428629,0.6273345,-0.871824,16.34084,0.6273345,0.01216699,0.1698195,-0.4831651,0.858816,0.1570129
-0.8717521,0.2428799,0.6275247,-0.8717521,16.34086,0.6275247,0.01225424,0.1702917,-0.4830939,0.8587613,0.1570129
-0.8717442,0.2427864,0.6274346,-0.8717442,16.34077,0.6274346,0.01245745,0.1705214,-0.4830785,0.8587214,0.1570129
-0.8715675,0.2424998,0.6274348,-0.8715675,16.34048,0.6274348,0.01297511,0.1706643,-0.482903,0.858784,0.1570129
-0.8714569,0.2424111,0.6275513,-0.8714569,16.34039,0.6275513,0.01327483,0.171288,-0.4827114,0.858763,0.1570129
-0.8715339,0.2423563,0.6278303,-0.8715339,16.34034,0.6278303,0.01353825,0.1716378,-0.4825165,0.8587986,0.1570129
-0.8714802,0.2422369,0.6279165,-0.8714802,16.34022,0.6279165,0.01371785,0.1721428,-0.4823365,0.8587958,0.1570129
-0.8716074,0.2421303,0.627968,-0.8716074,16.34011,0.627968,0.01392083,0.1725161,-0.4818605,0.8589848,0.1570129
-0.8716593,0.242034,0.6280644,-0.8716593,16.34002,0.6280644,0.01422289,0.1728601,-0.4814606,0.8591349,0.1570129
-0.871507,0.2423034,0.6279145,-0.871507,16.34028,0.6279145,0.01447499,0.1733185,-0.4810356,0.8592765,0.1570129
-0.8715812,0.2422202,0.6278793,-0.8715812,16.3402,0.6278793,0.01469744,0.1735795,-0.4804808,0.8595304,0.1570129
-0.8715593,0.2421663,0.627884,-0.8715593,16.34015,0.627884,0.01509112,0.1737714,-0.4800837,0.8597066,0.1570129
-0.8717847,0.2420843,0.6276963,-0.8717847,16.34007,0.6276963,0.0151618,0.1745489,-0.4797372,0.8597413,0.1570129
-0.8719407,0.2419932,0.6279334,-0.8719407,16.33997,0.6279334,0.01540313,0.1749488,-0.4793164,0.8598904,0.1570129
-0.8719532,0.241993,0.6281692,-0.8719532,16.33997,0.6281692,0.01570443,0.1752672,-0.4788433,0.8600836,0.1570129
-0.872322,0.2424207,0.6284401,-0.872322,16.3404,0.6284401,0.01615161,0.1757055,-0.4783283,0.8602725,0.1570129
-0.8721294,0.2424068,0.6287243,-0.8721294,16.34039,0.6287243,0.01616245,0.1763211,-0.4778158,0.8604311,0.1570129
-0.8724567,0.2422681,0.6290301,-0.8724567,16.34025,0.6290301,0.01639382,0.1766306,-0.4770345,0.8607967,0.1570129
-0.8726404,0.2423723,0.629402,-0.8726404,16.34035,0.629402,0.01665242,0.1770079,-0.4762206,0.8611648,0.1570129
-0.8727846,0.2424905,0.62925,-0.8727846,16.34047,0.62925,0.01700177,0.177207,-0.4755749,0.8614738,0.1570129
-0.8727846,0.2424905,0.62925,-0.8727846,16.34047,0.62925,0.01700177,0.177207,-0.4755749,0.8614738,0.1570129
-0.8733193,0.2416136,0.6299096,-0.8733193,16.33959,0.6299096,0.01773279,0.1780514,-0.4740973,0.8620992,0.1570129
-0.8734232,0.2415037,0.6299912,-0.8734232,16.33949,0.6299912,0.01792294,0.1785446,-0.4735744,0.8622807,0.1570129
-0.8734201,0.2412989,0.6300652,-0.8734201,16.33928,0.6300652,0.01808846,0.1791583,-0.4729902,0.8624706,0.1570129
-0.8738458,0.2411404,0.6298233,-0.8738458,16.33912,0.6298233,0.01802533,0.179848,-0.4724198,0.862641,0.1570129
-0.8736682,0.2415614,0.6297128,-0.8736682,16.33954,0.6297128,0.01807053,0.1802992,-0.4718559,0.8628544,0.1570129
-0.8736688,0.2412441,0.6296703,-0.8736688,16.33922,0.6296703,0.01815855,0.1806303,-0.4712772,0.8630996,0.1570129
-0.8739685,0.2411401,0.6296254,-0.8739685,16.33912,0.6296254,0.01831746,0.1811523,-0.4705606,0.8633777,0.1570129
-0.8739585,0.241236,0.6296923,-0.8739585,16.33922,0.6296923,0.01860361,0.1813198,-0.4699948,0.8636445,0.1570129
-0.874023,0.2410901,0.6296748,-0.874023,16.33907,0.6296748,0.01878178,0.1819313,-0.4692787,0.8639015,0.1570129
-0.8742049,0.2409952,0.6298819,-0.8742049,16.33898,0.6298819,0.01888602,0.1830742,-0.4686682,0.8639892,0.1570129
-0.8743442,0.2410932,0.6302005,-0.8743442,16.33907,0.6302005,0.01910625,0.1832922,-0.4681203,0.8642351,0.1570129
-0.874397,0.2410386,0.6303121,-0.874397,16.33902,0.6303121,0.01946782,0.1837215,-0.4674681,0.8644888,0.1570129
-0.874789,0.2407053,0.6308742,-0.874789,16.33869,0.6308742,0.01976993,0.1843916,-0.4665881,0.8648148,0.1570129
-0.8749622,0.2406056,0.630855,-0.8749622,16.33859,0.630855,0.02001786,0.1844481,-0.4658726,0.8651826,0.1570129
-0.8748617,0.2403076,0.6310052,-0.8748617,16.33829,0.6310052,0.02020881,0.1847109,-0.4651176,0.8655282,0.1570129
-0.8748826,0.2404144,0.6309509,-0.8748826,16.33839,0.6309509,0.02049473,0.1851268,-0.4643432,0.8658484,0.1570129
-0.8752928,0.2406569,0.631245,-0.8752928,16.33864,0.631245,0.02086653,0.1859079,-0.4633695,0.8661937,0.1570129
-0.8755875,0.2405801,0.6312664,-0.8755875,16.33856,0.6312664,0.02083973,0.1862537,-0.4625733,0.8665456,0.1570129
-0.8759657,0.2403111,0.6316812,-0.8759657,16.33829,0.6316812,0.02107473,0.1863726,-0.4618428,0.8669039,0.1570129
-0.8759177,0.2398913,0.6315786,-0.8759177,16.33787,0.6315786,0.02137974,0.1867871,-0.4612682,0.8671131,0.1570129
-0.8760983,0.2397711,0.6316541,-0.8760983,16.33775,0.6316541,0.0215211,0.1872785,-0.4605863,0.8673661,0.1570129
-0.8760753,0.2399786,0.6315739,-0.8760753,16.33796,0.6315739,0.02171033,0.1875758,-0.4599266,0.8676471,0.1570129
-0.8762584,0.2398989,0.6317539,-0.8762584,16.33788,0.6317539,0.02225165,0.1872525,-0.4592092,0.8680831,0.1570129
-0.8766019,0.2400596,0.631988,-0.8766019,16.33804,0.631988,0.02266698,0.1875911,-0.4584705,0.8683897,0.1570129
-0.8767369,0.2400796,0.6320592,-0.8767369,16.33806,0.6320592,0.0227922,0.1881166,-0.457934,0.8685558,0.1570129
-0.8768907,0.2399964,0.6321335,-0.8768907,16.33798,0.6321335,0.02314899,0.1886277,-0.4571165,0.8688661,0.1570129
-0.8769226,0.2399437,0.6322753,-0.8769226,16.33792,0.6322753,0.02320332,0.189073,-0.4566656,0.8690049,0.1570129
-0.877049,0.2398932,0.6321507,-0.877049,16.33787,0.6321507,0.02364575,0.189215,-0.4560115,0.8693055,0.1570129
-0.8769016,0.2398331,0.6324335,-0.8769016,16.33781,0.6324335,0.02386404,0.1895836,-0.45548,0.8694979,0.1570129
-0.8770312,0.23985,0.6325313,-0.8770312,16.33783,0.6325313,0.02420535,0.1898116,-0.4548625,0.8697619,0.1570129
-0.8771654,0.2397215,0.6324737,-0.8771654,16.3377,0.6324737,0.02435846,0.1902137,-0.4542955,0.8699661,0.1570129
-0.8773283,0.2396748,0.6325552,-0.8773283,16.33766,0.6325552,0.02447746,0.1908182,-0.453519,0.8702355,0.1570129
-0.8773808,0.2396219,0.6326441,-0.8773808,16.3376,0.6326441,0.0244348,0.1915773,-0.4528661,0.8704099,0.1570129
-0.877641,0.2394485,0.6329019,-0.877641,16.33743,0.6329019,0.02462494,0.1922088,-0.4521374,0.8706441,0.1570129
-0.8778509,0.2393575,0.6329026,-0.8778509,16.33734,0.6329026,0.02499492,0.1923683,-0.4513671,0.870998,0.1570129
-0.8776708,0.239136,0.6331096,-0.8776708,16.33712,0.6331096,0.02518823,0.1928046,-0.4508071,0.8711859,0.1570129
-0.8778504,0.2391376,0.6331987,-0.8778504,16.33712,0.6331987,0.02553488,0.1927894,-0.4501973,0.8714945,0.1570129
-0.8780059,0.2390695,0.6333046,-0.8780059,16.33705,0.6333046,0.0257108,0.1930104,-0.4495377,0.8717809,0.1570129
-0.8783156,0.2391264,0.6334997,-0.8783156,16.33711,0.6334997,0.02576667,0.1936328,-0.4490296,0.871903,0.1570129
-0.8783156,0.2391264,0.6334997,-0.8783156,16.33711,0.6334997,0.02576667,0.1936328,-0.4490296,0.871903,0.1570129
-0.8788638,0.2386863,0.6340482,-0.8788638,16.33667,0.6340482,0.02611164,0.1941365,-0.4478318,0.8723966,0.1570129
-0.8789697,0.2385328,0.6340871,-0.8789697,16.33651,0.6340871,0.02641039,0.1947048,-0.4473327,0.872517,0.1570129
-0.879256,0.2385607,0.6342844,-0.879256,16.33654,0.6342844,0.026679,0.1949311,-0.4471016,0.8725768,0.1570129
-0.8796222,0.2383749,0.6342434,-0.8796222,16.33636,0.6342434,0.0271172,0.1950626,-0.4464787,0.8728529,0.1570129
-0.8797159,0.2382431,0.6344886,-0.8797159,16.33622,0.6344886,0.02776127,0.194816,-0.4463361,0.8729606,0.1570129
-0.8797073,0.2381508,0.6347382,-0.8797073,16.33613,0.6347382,0.02832978,0.195456,-0.4459366,0.8730034,0.1570129
-0.8798176,0.2381837,0.634923,-0.8798176,16.33616,0.634923,0.0285874,0.1959027,-0.445627,0.873053,0.1570129
-0.8801984,0.2381642,0.634871,-0.8801984,16.33615,0.634871,0.02851747,0.1972377,-0.444983,0.8730831,0.1570129
-0.8803896,0.2380044,0.6348525,-0.8803896,16.33599,0.6348525,0.02890026,0.1976792,-0.4444709,0.8732316,0.1570129
-0.8804244,0.2376938,0.6350327,-0.8804244,16.33567,0.6350327,0.02909809,0.197847,-0.4435539,0.8736532,0.1570129
-0.8805205,0.2378449,0.6349738,-0.8805205,16.33582,0.6349738,0.0296769,0.1975899,-0.4429729,0.8739865,0.1570129
-0.8808029,0.2376819,0.6351321,-0.8808029,16.33566,0.6351321,0.03037884,0.1972437,-0.4424864,0.8742871,0.1570129
-0.8808125,0.2375631,0.6356057,-0.8808125,16.33554,0.6356057,0.03119846,0.1962254,-0.4421937,0.8746353,0.1570129
-0.8809355,0.2375855,0.6360809,-0.8809355,16.33557,0.6360809,0.03229792,0.1962555,-0.4417041,0.8748361,0.1570129
-0.8812609,0.2373469,0.636412,-0.8812609,16.33533,0.636412,0.03293954,0.1973023,-0.4405971,0.8751348,0.1570129
-0.8815243,0.237406,0.6365401,-0.8815243,16.33539,0.6365401,0.03313731,0.1978394,-0.4400377,0.8752876,0.1570129
-0.8814353,0.2375135,0.6365902,-0.8814353,16.33549,0.6365902,0.03326746,0.1976826,-0.4398367,0.8754191,0.1570129
-0.8814353,0.2375135,0.6365902,-0.8814353,16.33549,0.6365902,0.03326746,0.1976826,-0.4398367,0.8754191,0.1570129
-0.8811541,0.2369912,0.6370387,-0.8811541,16.33497,0.6370387,0.03476562,0.1986551,-0.4390759,0.8755226,0.1570129
-0.8812174,0.2368767,0.6372964,-0.8812174,16.33486,0.6372964,0.03538039,0.1989364,-0.4385453,0.8757001,0.1570129
-0.8815554,0.237051,0.6377102,-0.8815554,16.33503,0.6377102,0.03594945,0.1992925,-0.4380801,0.8758287,0.1570129
-0.8816607,0.2371268,0.6378155,-0.8816607,16.33511,0.6378155,0.03663818,0.1989472,-0.4377789,0.8760293,0.1570129
-0.8818358,0.2370412,0.6379308,-0.8818358,16.33502,0.6379308,0.03716054,0.1988791,-0.4373323,0.8762458,0.1570129
-0.8817084,0.2368569,0.6380546,-0.8817084,16.33484,0.6380546,0.03819689,0.1980856,-0.4371679,0.876463,0.1570129
-0.8816489,0.2367904,0.638227,-0.8816489,16.33477,0.638227,0.03857789,0.19828,-0.4369649,0.8765035,0.1570129
-0.8814512,0.2369332,0.6381871,-0.8814512,16.33491,0.6381871,0.03890483,0.1992449,-0.4368901,0.8763075,0.1570129
-0.8815004,0.2369537,0.6384863,-0.8815004,16.33493,0.6384863,0.03947385,0.199673,-0.436731,0.876264,0.1570129
-0.8815675,0.2369094,0.6386241,-0.8815675,16.33489,0.6386241,0.04006436,0.1994696,-0.4362566,0.8765198,0.1570129
-0.8815193,0.2367275,0.6386894,-0.8815193,16.33471,0.6386894,0.04070473,0.1996045,-0.4359431,0.8766155,0.1570129
-0.8816019,0.2366509,0.6389041,-0.8816019,16.33463,0.6389041,0.0413939,0.2000106,-0.435629,0.8766469,0.1570129
-0.8815677,0.2366683,0.6391972,-0.8815677,16.33465,0.6391972,0.04187065,0.2002435,-0.4353254,0.8767219,0.1570129
-0.8816515,0.2367094,0.6393162,-0.8816515,16.33469,0.6393162,0.04223563,0.2011877,-0.4350399,0.8766299,0.1570129
-0.8818935,0.2364733,0.6397378,-0.8818935,16.33445,0.6397378,0.04241886,0.201869,-0.434743,0.8766117,0.1570129
-0.8819739,0.2363861,0.6399249,-0.8819739,16.33437,0.6399249,0.04296736,0.2020308,-0.4343634,0.8767359,0.1570129
-0.882027,0.2362761,0.6400871,-0.882027,16.33426,0.6400871,0.04357859,0.2017673,-0.4341161,0.8768889,0.1570129
-0.881974,0.2362859,0.6402742,-0.881974,16.33427,0.6402742,0.0440454,0.2014077,-0.4338748,0.8770676,0.1570129
-0.8820161,0.2362716,0.640761,-0.8820161,16.33425,0.640761,0.04513086,0.2005923,-0.4336053,0.8773325,0.1570129
-0.8822594,0.236084,0.6408858,-0.8822594,16.33406,0.6408858,0.04621309,0.200037,-0.4332581,0.8775745,0.1570129
-0.8823357,0.2361846,0.6412449,-0.8823357,16.33417,0.6412449,0.04740291,0.1995601,-0.4328806,0.8778059,0.1570129
-0.8825816,0.236176,0.6415433,-0.8825816,16.33416,0.6415433,0.04783178,0.1994657,-0.4322945,0.8780928,0.1570129
-0.8828557,0.2361095,0.64162,-0.8828557,16.33409,0.64162,0.04854993,0.199207,-0.4318569,0.8783274,0.1570129
-0.8828557,0.2361095,0.64162,-0.8828557,16.33409,0.64162,0.04854993,0.199207,-0.4318569,0.8783274,0.1570129
-0.8830178,0.2362909,0.6420437,-0.8830178,16.33427,0.6420437,0.04916403,0.1990795,-0.4310813,0.8787032,0.1570129
-0.8830342,0.2363617,0.6420248,-0.8830342,16.33434,0.6420248,0.04904357,0.1996156,-0.4310444,0.8786063,0.1570129
-0.8830506,0.2364213,0.6422191,-0.8830506,16.3344,0.6422191,0.04934525,0.1994908,-0.4309114,0.878683,0.1570129
-0.8831022,0.2363968,0.6422715,-0.8831022,16.33438,0.6422715,0.04927424,0.1996407,-0.4310302,0.8785946,0.1570129
-0.8829917,0.2361884,0.6422817,-0.8829917,16.33417,0.6422817,0.04949842,0.1997226,-0.4311749,0.8784925,0.1570129
-0.8831356,0.2361438,0.6421502,-0.8831356,16.33412,0.6421502,0.04984252,0.1995708,-0.4313579,0.8784177,0.1570129
-0.8828747,0.2360427,0.6422275,-0.8828747,16.33402,0.6422275,0.05044784,0.1999322,-0.4314448,0.8782582,0.1570129
-0.8826658,0.2359972,0.6423,-0.8826658,16.33398,0.6423,0.05045581,0.2005225,-0.4317937,0.8779517,0.1570129
-0.8828877,0.23561,0.6426643,-0.8828877,16.33359,0.6426643,0.05074148,0.20089,-0.431854,0.8778216,0.1570129
-0.8827655,0.235436,0.6427187,-0.8827655,16.33342,0.6427187,0.05079959,0.2012462,-0.4319165,0.8777058,0.1570129
-0.8825197,0.2355678,0.642545,-0.8825197,16.33355,0.642545,0.05082701,0.2018142,-0.4320096,0.877528,0.1570129
-0.8824825,0.2354486,0.6424015,-0.8824825,16.33343,0.6424015,0.05081704,0.2024731,-0.4319826,0.8773901,0.1570129
-0.8824698,0.235265,0.6422927,-0.8824698,16.33325,0.6422927,0.05042819,0.2030696,-0.4319691,0.8772813,0.1570129
-0.8822995,0.2355404,0.6422851,-0.8822995,16.33352,0.6422851,0.0505903,0.2032474,-0.4322973,0.8770691,0.1570129
-0.8822641,0.235522,0.6422836,-0.8822641,16.3335,0.6422836,0.0507002,0.2031319,-0.432253,0.8771113,0.1570129
-0.8822799,0.2353668,0.6424206,-0.8822799,16.33335,0.6424206,0.05091795,0.2032878,-0.4325172,0.8769324,0.1570129
-0.88217,0.2353487,0.6423731,-0.88217,16.33333,0.6423731,0.05088971,0.2038523,-0.4327373,0.8766943,0.1570129
-0.8821031,0.2355189,0.6425139,-0.8821031,16.3335,0.6425139,0.05065344,0.2045839,-0.4329288,0.876443,0.1570129
-0.8820332,0.2355351,0.6425077,-0.8820332,16.33352,0.6425077,0.05049699,0.2049444,-0.4332354,0.8762163,0.1570129
-0.8819447,0.2354615,0.6423111,-0.8819447,16.33344,0.6423111,0.05041031,0.2055548,-0.4335478,0.8759238,0.1570129
-0.8819202,0.2355816,0.6423423,-0.8819202,16.33356,0.6423423,0.05014283,0.2062939,-0.4337503,0.8756651,0.1570129
-0.8819139,0.2355819,0.6422169,-0.8819139,16.33356,0.6422169,0.04958836,0.2068071,-0.4342606,0.8753226,0.1570129
-0.8818735,0.2355161,0.6419483,-0.8818735,16.3335,0.6419483,0.04891335,0.2072265,-0.4350761,0.8748563,0.1570129
-0.8818481,0.2351902,0.641556,-0.8818481,16.33317,0.641556,0.04832397,0.2081088,-0.4356475,0.8743951,0.1570129
-0.8810726,0.2348955,0.641504,-0.8810726,16.33288,0.641504,0.04961569,0.2075313,-0.4363955,0.874087,0.1570129
-0.880426,0.2347467,0.6413134,-0.880426,16.33273,0.6413134,0.04989273,0.209718,-0.4368328,0.8733305,0.1570129
-0.8797263,0.2347014,0.6414686,-0.8797263,16.33268,0.6414686,0.04945716,0.2129616,-0.4375299,0.8722207,0.1570129
-0.8794675,0.2352009,0.6416631,-0.8794675,16.33318,0.6416631,0.0473455,0.2131525,-0.4379389,0.872086,0.1570129
-0.8797504,0.2351332,0.641986,-0.8797504,16.33311,0.641986,0.04908532,0.2102842,-0.4380558,0.8726273,0.1570129
-0.8805437,0.2353759,0.6424602,-0.8805437,16.33336,0.6424602,0.0517401,0.2076374,-0.4372192,0.8735268,0.1570129
-0.8807734,0.2354178,0.6428746,-0.8807734,16.3334,0.6428746,0.05307519,0.2064711,-0.4362236,0.8742207,0.1570129
-0.8810586,0.2354167,0.6434727,-0.8810586,16.3334,0.6434727,0.05454686,0.205797,-0.435183,0.8748074,0.1570129
-0.8810048,0.2349961,0.64373,-0.8810048,16.33298,0.64373,0.05620486,0.2039861,-0.4345744,0.8754289,0.1570129
-0.8812772,0.2351556,0.6442207,-0.8812772,16.33314,0.6442207,0.05852619,0.2029157,-0.4335614,0.8760276,0.1570129
-0.8814945,0.2353711,0.6445206,-0.8814945,16.33335,0.6445206,0.05954479,0.2010744,-0.4331479,0.876588,0.1570129
-0.8818471,0.235508,0.6444957,-0.8818471,16.33349,0.6444957,0.05960682,0.2005121,-0.4325516,0.8770069,0.1570129
-0.882026,0.2356234,0.6445475,-0.882026,16.3336,0.6445475,0.05974628,0.2003347,-0.4320777,0.8772715,0.1570129
-0.8820654,0.2356212,0.6443844,-0.8820654,16.3336,0.6443844,0.05929741,0.2004592,-0.431812,0.8774043,0.1570129
-0.8818266,0.2355895,0.6445343,-0.8818266,16.33357,0.6445343,0.05925241,0.2008654,-0.4315261,0.8774551,0.1570129
-0.8819609,0.2354205,0.6447141,-0.8819609,16.3334,0.6447141,0.05887726,0.201207,-0.4313688,0.8774794,0.1570129
-0.8819609,0.2354205,0.6447141,-0.8819609,16.3334,0.6447141,0.05887726,0.201207,-0.4313688,0.8774794,0.1570129
-0.8823282,0.2355461,0.645108,-0.8823282,16.33353,0.645108,0.06009121,0.2000699,-0.4307178,0.8779768,0.1570129
-0.8825014,0.235822,0.6455554,-0.8825014,16.3338,0.6455554,0.0613324,0.1980322,-0.4306978,0.8783627,0.1570129
-0.882846,0.2360275,0.6461426,-0.882846,16.33401,0.6461426,0.06207801,0.1969021,-0.4304731,0.8786744,0.1570129
-0.883059,0.2360208,0.6464162,-0.883059,16.334,0.6464162,0.06312805,0.1948394,-0.4304284,0.8790812,0.1570129
-0.883059,0.2360208,0.6464162,-0.883059,16.334,0.6464162,0.06312805,0.1948394,-0.4304284,0.8790812,0.1570129
-0.8836088,0.2356646,0.6470259,-0.8836088,16.33364,0.6470259,0.06342514,0.1936034,-0.4298428,0.8796193,0.1570129
-0.8838596,0.235882,0.6470683,-0.8838596,16.33386,0.6470683,0.06348173,0.192596,-0.4298204,0.8798473,0.1570129
-0.8838407,0.2360942,0.6468079,-0.8838407,16.33407,0.6468079,0.06349675,0.1914136,-0.4300511,0.8799915,0.1570129
-0.8839767,0.2361398,0.6468506,-0.8839767,16.33412,0.6468506,0.06351259,0.1904285,-0.4300625,0.8801985,0.1570129
-0.8840921,0.2360692,0.6467875,-0.8840921,16.33405,0.6467875,0.06287403,0.190211,-0.4303524,0.8801497,0.1570129
-0.8841575,0.2362623,0.6466017,-0.8841575,16.33424,0.6466017,0.06284275,0.1893453,-0.4304551,0.8802884,0.1570129
-0.8841789,0.2361465,0.6463093,-0.8841789,16.33413,0.6463093,0.06234735,0.1894553,-0.4306959,0.8801821,0.1570129
-0.8841603,0.2362559,0.6463168,-0.8841603,16.33424,0.6463168,0.06195979,0.1893998,-0.430716,0.8802116,0.1570129
-0.8839898,0.2365615,0.646063,-0.8839898,16.33454,0.646063,0.06159122,0.1887708,-0.4309807,0.880243,0.1570129
-0.883962,0.2365265,0.6460245,-0.883962,16.33451,0.6460245,0.06147098,0.1881588,-0.4311269,0.8803108,0.1570129
-0.88399,0.2365491,0.6460021,-0.88399,16.33453,0.6460021,0.06138863,0.1871071,-0.4313057,0.8804532,0.1570129
-0.8841045,0.2366009,0.6459584,-0.8841045,16.33458,0.6459584,0.06137697,0.1863553,-0.4315687,0.8804845,0.1570129
-0.8841696,0.2366843,0.6460943,-0.8841696,16.33467,0.6460943,0.06127164,0.1861042,-0.4315985,0.8805304,0.1570129
-0.8843966,0.236903,0.6460209,-0.8843966,16.33488,0.6460209,0.06067325,0.1861805,-0.4315143,0.880597,0.1570129
-0.8847153,0.2369287,0.6456985,-0.8847153,16.33491,0.6456985,0.06046881,0.1860051,-0.4316029,0.8806046,0.1570129
-0.884745,0.2370191,0.6457517,-0.884745,16.335,0.6457517,0.06044354,0.1854244,-0.4317565,0.8806536,0.1570129
-0.8848587,0.2371402,0.6456841,-0.8848587,16.33512,0.6456841,0.06018648,0.184902,-0.4318627,0.880729,0.1570129
-0.8847338,0.2372088,0.6456857,-0.8847338,16.33519,0.6456857,0.05979265,0.1843842,-0.432163,0.880717,0.1570129
-0.8848917,0.2372723,0.6459703,-0.8848917,16.33525,0.6459703,0.05942242,0.1841127,-0.432367,0.8806987,0.1570129
-0.8848205,0.2370946,0.6458914,-0.8848205,16.33508,0.6458914,0.05906046,0.1835811,-0.4325097,0.880764,0.1570129
-0.8849722,0.2372637,0.64568,-0.8849722,16.33524,0.64568,0.05870554,0.1827881,-0.4327371,0.880841,0.1570129
-0.8850882,0.2372615,0.6454264,-0.8850882,16.33524,0.6454264,0.05857722,0.1822043,-0.4328986,0.8808911,0.1570129
-0.885275,0.2374711,0.6453683,-0.885275,16.33545,0.6453683,0.05826656,0.1811751,-0.4329301,0.8811085,0.1570129
-0.8853647,0.2375839,0.6451594,-0.8853647,16.33556,0.6451594,0.05778363,0.1808197,-0.4330088,0.8811746,0.1570129
-0.8853939,0.237746,0.6452568,-0.8853939,16.33573,0.6452568,0.05773061,0.1799073,-0.4332555,0.8812436,0.1570129
-0.8853776,0.2378621,0.6451066,-0.8853776,16.33584,0.6451066,0.057119,0.1789606,-0.4334571,0.881377,0.1570129
-0.8855238,0.2379308,0.6448745,-0.8855238,16.33591,0.6448745,0.05628368,0.1785814,-0.4337339,0.8813716,0.1570129
-0.8855238,0.2379308,0.6448745,-0.8855238,16.33591,0.6448745,0.05628368,0.1785814,-0.4337339,0.8813716,0.1570129
-0.8855914,0.2380815,0.6443613,-0.8855914,16.33606,0.6443613,0.05518645,0.1779261,-0.4342184,0.8813348,0.1570129
-0.885344,0.2383571,0.6439967,-0.885344,16.33634,0.6439967,0.05409891,0.1778615,-0.4345081,0.8812726,0.1570129
-0.8853279,0.2384319,0.6436778,-0.8853279,16.33641,0.6436778,0.05332782,0.1772856,-0.4348542,0.8812649,0.1570129
-0.8852702,0.2383523,0.6434271,-0.8852702,16.33633,0.6434271,0.05266312,0.1762754,-0.435133,0.8813699,0.1570129
-0.8850708,0.2384205,0.6433806,-0.8850708,16.3364,0.6433806,0.05228715,0.1754865,-0.435459,0.8813887,0.1570129
-0.8851174,0.2385471,0.6433724,-0.8851174,16.33653,0.6433724,0.05190688,0.1744348,-0.4358776,0.881413,0.1570129
-0.8851174,0.2385471,0.6433724,-0.8851174,16.33653,0.6433724,0.05190688,0.1744348,-0.4358776,0.881413,0.1570129
-0.8853495,0.2387393,0.642753,-0.8853495,16.33672,0.642753,0.05017283,0.1735779,-0.436417,0.8814157,0.1570129
-0.8854738,0.2389281,0.6428875,-0.8854738,16.33691,0.6428875,0.04935552,0.1728451,-0.4367266,0.8814525,0.1570129
-0.8856068,0.2391622,0.6426588,-0.8856068,16.33714,0.6426588,0.04871141,0.1716809,-0.4369802,0.8815901,0.1570129
-0.8855816,0.2393203,0.6423818,-0.8855816,16.3373,0.6423818,0.04802424,0.1708497,-0.437336,0.8816129,0.1570129
-0.8855356,0.2394199,0.6420556,-0.8855356,16.3374,0.6420556,0.04695123,0.1704395,-0.4377279,0.8815556,0.1570129
-0.8855201,0.2395244,0.6417792,-0.8855201,16.33751,0.6417792,0.04588967,0.1700354,-0.4380207,0.8815441,0.1570129
-0.8853971,0.2395864,0.6416435,-0.8853971,16.33757,0.6416435,0.0448495,0.1695677,-0.4385135,0.8814427,0.1570129
-0.8853536,0.239641,0.6412739,-0.8853536,16.33762,0.6412739,0.04387184,0.1691153,-0.4390693,0.8813021,0.1570129
-0.8852561,0.2396483,0.6409622,-0.8852561,16.33763,0.6409622,0.04289586,0.168226,-0.4395159,0.8812978,0.1570129
-0.8854507,0.2397499,0.6405799,-0.8854507,16.33773,0.6405799,0.0419208,0.1671204,-0.4399577,0.8813346,0.1570129
-0.8853891,0.2400663,0.6403661,-0.8853891,16.33805,0.6403661,0.04125255,0.1659568,-0.4405149,0.8813077,0.1570129
-0.8853616,0.2401512,0.6400177,-0.8853616,16.33813,0.6400177,0.04029023,0.1651691,-0.4409505,0.8812823,0.1570129
-0.885232,0.2402515,0.6398113,-0.885232,16.33823,0.6398113,0.03908119,0.1646427,-0.4414538,0.8811833,0.1570129
-0.8852751,0.2403429,0.6395833,-0.8852751,16.33832,0.6395833,0.03826082,0.1638201,-0.4418733,0.8811624,0.1570129
-0.8852818,0.2406077,0.6393062,-0.8852818,16.33859,0.6393062,0.03734035,0.1629145,-0.4423487,0.8811312,0.1570129
-0.8849934,0.2409081,0.6388261,-0.8849934,16.33889,0.6388261,0.03659484,0.1618034,-0.4431629,0.8809581,0.1570129
-0.8847264,0.240968,0.6382776,-0.8847264,16.33895,0.6382776,0.03550295,0.1614087,-0.4438184,0.8807452,0.1570129
-0.8846473,0.241277,0.637944,-0.8846473,16.33926,0.637944,0.03439135,0.1613104,-0.444359,0.8805346,0.1570129
-0.8845649,0.2414789,0.6374323,-0.8845649,16.33946,0.6374323,0.03303598,0.1610179,-0.445257,0.8801864,0.1570129
-0.8843712,0.2416778,0.6370783,-0.8843712,16.33966,0.6370783,0.0316866,0.1606238,-0.4457415,0.8800628,0.1570129
-0.8843601,0.2420013,0.6367737,-0.8843601,16.33998,0.6367737,0.03062822,0.1600378,-0.4462266,0.8799612,0.1570129
-0.8844025,0.242233,0.636411,-0.8844025,16.34021,0.636411,0.02932509,0.1592087,-0.4468836,0.8798225,0.1570129
-0.8843348,0.2424359,0.6360393,-0.8843348,16.34042,0.6360393,0.02863063,0.1577765,-0.4474692,0.8798057,0.1570129
-0.884023,0.2423511,0.6354698,-0.884023,16.34033,0.6354698,0.02745497,0.1571307,-0.4481237,0.8796257,0.1570129
-0.8837651,0.2424681,0.6351351,-0.8837651,16.34045,0.6351351,0.02611249,0.1569455,-0.4487164,0.8793975,0.1570129
-0.8836404,0.2425656,0.6347471,-0.8836404,16.34055,0.6347471,0.02475922,0.1564661,-0.4496097,0.8790657,0.1570129
-0.8833969,0.2426991,0.6343188,-0.8833969,16.34068,0.6343188,0.02376299,0.1560236,-0.4504961,0.878718,0.1570129
-0.8831451,0.2428899,0.6337322,-0.8831451,16.34087,0.6337322,0.02234487,0.1565044,-0.4515893,0.8781083,0.1570129
-0.8830954,0.2429154,0.6330209,-0.8830954,16.3409,0.6330209,0.02041934,0.1567872,-0.4525901,0.8775893,0.1570129
-0.8830053,0.2429423,0.632603,-0.8830053,16.34092,0.632603,0.01873451,0.1564988,-0.4543496,0.8767688,0.1570129
-0.8828168,0.2429965,0.6321089,-0.8828168,16.34098,0.6321089,0.01726766,0.1560958,-0.4560808,0.8759716,0.1570129
-0.8823575,0.2430396,0.6316711,-0.8823575,16.34102,0.6316711,0.01676501,0.1543996,-0.4581605,0.8751964,0.1570129
-0.8816849,0.2432067,0.6309652,-0.8816849,16.34119,0.6309652,0.01626928,0.1537732,-0.4602483,0.87422,0.1570129
-0.8810978,0.2433619,0.6304429,-0.8810978,16.34134,0.6304429,0.0152939,0.1537417,-0.4624354,0.8730882,0.1570129
-0.8803765,0.2435718,0.6299484,-0.8803765,16.34155,0.6299484,0.01437219,0.1524349,-0.4648176,0.8720675,0.1570129
-0.8794378,0.2440288,0.6297528,-0.8794378,16.34201,0.6297528,0.01322591,0.1529057,-0.4671991,0.8707296,0.1570129
-0.8789374,0.2440984,0.6295514,-0.8789374,16.34208,0.6295514,0.01152967,0.1535988,-0.4696257,0.8693251,0.1570129
-0.8782855,0.2443738,0.6290619,-0.8782855,16.34235,0.6290619,0.01016048,0.1533746,-0.4723365,0.8679121,0.1570129
-0.8776187,0.2446728,0.6285912,-0.8776187,16.34265,0.6285912,0.009192633,0.1519078,-0.4749424,0.8667579,0.1570129
-0.876682,0.2451134,0.6275021,-0.876682,16.34309,0.6275021,0.00793457,0.1521593,-0.4773745,0.865389,0.1570129
-0.876682,0.2451134,0.6275021,-0.876682,16.34309,0.6275021,0.00793457,0.1521593,-0.4773745,0.865389,0.1570129
-0.875935,0.2453923,0.6262951,-0.875935,16.34337,0.6262951,0.004665897,0.1545941,-0.4805695,0.8632102,0.1570129
-0.8758374,0.2456009,0.625904,-0.8758374,16.34358,0.625904,0.002635136,0.1550336,-0.481748,0.8624828,0.1570129
-0.8761849,0.2458282,0.6256305,-0.8761849,16.34381,0.6256305,0.00161253,0.1528953,-0.4824677,0.8624647,0.1570129
-0.876447,0.2458472,0.6254511,-0.876447,16.34383,0.6254511,0.001596276,0.1507809,-0.483113,0.8624758,0.1570129
-0.8764626,0.2461331,0.6252904,-0.8764626,16.34411,0.6252904,0.001500025,0.1497618,-0.4838393,0.8622463,0.1570129
-0.8764032,0.246484,0.625037,-0.8764032,16.34447,0.625037,0.0004727763,0.1492738,-0.4849231,0.8617231,0.1570129
-0.8758148,0.2470062,0.6250513,-0.8758148,16.34499,0.6250513,0,0.1484599,-0.4862305,0.861127,0.1570129
-0.8756255,0.2476921,0.6249136,-0.8756255,16.34567,0.6249136,-0.0001220703,0.1476158,-0.4875166,0.8605447,0.1570129
-0.8752155,0.2483625,0.6245601,-0.8752155,16.34634,0.6245601,-0.0003229677,0.1452541,-0.489284,0.8599433,0.1570129
-0.8745977,0.2486184,0.6241251,-0.8745977,16.3466,0.6241251,-0.000345267,0.1435243,-0.4912561,0.8591089,0.1570129
-0.8739022,0.2495301,0.6234494,-0.8739022,16.34751,0.6234494,0.001170857,0.1435031,-0.4918846,0.8587521,0.1570129
-0.8731701,0.2500916,0.6227282,-0.8731701,16.34807,0.6227282,0.005271685,0.1432104,-0.4926512,0.858346,0.1570129
-0.8723707,0.2508256,0.6220826,-0.8723707,16.34881,0.6220826,0.004567453,0.1427958,-0.4960207,0.8564765,0.1570129
-0.8719633,0.2519946,0.6214669,-0.8719633,16.34998,0.6214669,0.008336607,0.1456608,-0.4973682,0.8551832,0.1570129
-0.871505,0.2532206,0.6205962,-0.871505,16.3512,0.6205962,0.009492096,0.144967,-0.5016325,0.852795,0.1570129
-0.871137,0.2555575,0.6204561,-0.871137,16.35354,0.6204561,0.006747629,0.1402132,-0.5082006,0.8497217,0.1570129
-0.8714277,0.256942,0.6201928,-0.8714277,16.35492,0.6201928,0.01190671,0.1342809,-0.5137654,0.8472733,0.1570129
-0.8708984,0.2597957,0.6183027,-0.8708984,16.35778,0.6183027,0.02159316,0.127621,-0.5207146,0.8438619,0.1570129
-0.8705693,0.2637687,0.6159109,-0.8705693,16.36175,0.6159109,0.0282232,0.1313986,-0.5305915,0.8369054,0.1570129
-0.8711542,0.2692945,0.6143858,-0.8711542,16.39014,0.6143858,0.02912791,0.1371748,-0.5406892,0.8294516,0.1570129
-0.8719264,0.2744379,0.6128411,-0.8719264,16.39307,0.6128411,0.03006129,0.1322095,-0.5504406,0.8237913,0.1570129
-0.8725445,0.2809911,0.6107997,-0.8725445,16.39784,0.6107997,0.03564234,0.1170839,-0.5607522,0.8188883,0.1570129
-0.8729248,0.2880137,0.6082922,-0.8729248,16.40377,0.6082922,0.04290351,0.1125724,-0.5718052,0.8114959,0.1570129
-0.8722398,0.2944663,0.6064117,-0.8722398,16.4122,0.6064117,0.04936993,0.111724,-0.5818979,0.8040368,0.1570129
-0.8726338,0.3031209,0.6046252,-0.8726338,16.41972,0.6046252,0.05520143,0.1086083,-0.5930479,0.7958965,0.1570129
-0.8719863,0.3118632,0.6019505,-0.8719863,16.43032,0.6019505,0.05969806,0.09918719,-0.6038612,0.7886379,0.1570129
-0.871914,0.3212335,0.600279,-0.871914,16.4399,0.600279,0.06507493,0.08877517,-0.6150598,0.7807597,0.1570129
-0.8703724,0.331032,0.5973676,-0.8703724,16.45412,0.5973676,0.07066169,0.08276912,-0.6264724,0.7718086,0.1570129
-0.8685455,0.3410225,0.5946708,-0.8685455,16.4693,0.5946708,0.07600568,0.07981917,-0.6379822,0.7621225,0.1570129
-0.8665627,0.350574,0.5929978,-0.8665627,16.48443,0.5929978,0.07927084,0.08232401,-0.6467702,0.7540738,0.1570129
-0.8634206,0.3613801,0.5904436,-0.8634206,16.50391,0.5904436,0.08155002,0.08461778,-0.6563947,0.7452083,0.1570129
-0.860515,0.3715677,0.588284,-0.860515,16.52193,0.588284,0.08308806,0.08680955,-0.6658666,0.7363302,0.1570129
-0.8565074,0.3818798,0.5862807,-0.8565074,16.54266,0.5862807,0.08455611,0.09299718,-0.6739395,0.728016,0.1570129
-0.8529758,0.3918869,0.5845766,-0.8529758,16.56144,0.5845766,0.08659425,0.09726269,-0.6816938,0.7199549,0.1570129
-0.8480505,0.4020762,0.5835207,-0.8480505,16.58318,0.5835207,0.08820323,0.1043425,-0.6862966,0.7143738,0.1570129
-0.8434172,0.4124143,0.5812086,-0.8434172,16.60359,0.5812086,0.09065933,0.1089706,-0.6925555,0.7072999,0.1570129
-0.8388772,0.4214774,0.5803367,-0.8388772,16.62176,0.5803367,0.09315889,0.113722,-0.6959997,0.7028323,0.1570129
-0.8335075,0.4294364,0.5792099,-0.8335075,16.63949,0.5792099,0.0958106,0.1177334,-0.6989917,0.6988347,0.1570129
-0.8285207,0.4369259,0.5777125,-0.8285207,16.65511,0.5777125,0.09675265,0.1217371,-0.7022656,0.6947244,0.1570129
-0.8285207,0.4369259,0.5777125,-0.8285207,16.65511,0.5777125,0.09675265,0.1217371,-0.7022656,0.6947244,0.1570129
-0.8172429,0.4495074,0.5769837,-0.8172429,16.68292,0.5769837,0.09905611,0.1277549,-0.7012035,0.694392,0.1570129
-0.8111848,0.4558761,0.5754864,-0.8111848,16.69584,0.5754864,0.1003353,0.1305415,-0.7015452,0.6933442,0.1570129
-0.8057648,0.4610275,0.5756112,-0.8057648,16.70601,0.5756112,0.09962802,0.1323473,-0.6994624,0.6952056,0.1570129
-0.7996221,0.4655552,0.5753503,-0.7996221,16.71538,0.5753503,0.0994291,0.1337766,-0.6984436,0.6959844,0.1570129
-0.792755,0.4670942,0.575034,-0.792755,16.72141,0.575034,0.09935045,0.1347422,-0.6940979,0.7001443,0.1570129
-0.7863964,0.4706907,0.575097,-0.7863964,16.72841,0.575097,0.09959456,0.1371941,-0.6912584,0.702439,0.1570129
-0.7792782,0.4715941,0.5753343,-0.7792782,16.73243,0.5753343,0.09884512,0.1385833,-0.6862411,0.7071757,0.1570129
-0.7726783,0.4711417,0.5755368,-0.7726783,16.73431,0.5755368,0.09753499,0.1400865,-0.6808342,0.7122692,0.1570129
-0.7662835,0.470383,0.5764627,-0.7662835,16.73539,0.5764627,0.09639792,0.1436656,-0.6742502,0.7179515,0.1570129
-0.7592713,0.4681485,0.5773767,-0.7592713,16.73479,0.5773767,0.09431803,0.148805,-0.6666633,0.7242384,0.1570129
-0.7520487,0.4670887,0.5775981,-0.7520487,16.73506,0.5775981,0.09189882,0.1512968,-0.6598715,0.7302284,0.1570129
-0.7455997,0.4640919,0.5789977,-0.7455997,16.73302,0.5789977,0.08761909,0.1513177,-0.6514115,0.7383014,0.1570129
-0.7386769,0.4598197,0.5802132,-0.7386769,16.72958,0.5802132,0.08471666,0.1497634,-0.6426342,0.7466025,0.1570129
-0.7318206,0.4561963,0.5813587,-0.7318206,16.72661,0.5813587,0.08306163,0.1495419,-0.6345398,0.7537223,0.1570129
-0.7243052,0.4503863,0.5829217,-0.7243052,16.72136,0.5829217,0.07938109,0.147923,-0.624454,0.7628071,0.1570129
-0.7172846,0.444146,0.5843034,-0.7172846,16.71554,0.5843034,0.07602482,0.1451833,-0.6146641,0.7715763,0.1570129
-0.7105263,0.4372387,0.5859988,-0.7105263,16.70895,0.5859988,0.07336789,0.1428449,-0.6045656,0.7802005,0.1570129
-0.7036884,0.4294966,0.5876625,-0.7036884,16.70147,0.5876625,0.07072518,0.1421821,-0.5939621,0.7886642,0.1570129
-0.6971449,0.422401,0.5891957,-0.6971449,16.69457,0.5891957,0.06801606,0.1429617,-0.5835284,0.7965114,0.1570129
-0.690629,0.4138713,0.5915698,-0.690629,16.6862,0.5915698,0.0652012,0.1459738,-0.5720181,0.8045096,0.1570129
-0.6840379,0.4047618,0.5936506,-0.6840379,16.67722,0.5936506,0.06149122,0.1491376,-0.5602139,0.8124883,0.1570129
-0.6779574,0.395967,0.5960883,-0.6779574,16.66852,0.5960883,0.05725046,0.1517353,-0.5482771,0.8204213,0.1570129
-0.6719408,0.3880372,0.5988213,-0.6719408,16.66067,0.5988213,0.05299862,0.1513185,-0.5375615,0.8278415,0.1570129
-0.6655935,0.3782408,0.601454,-0.6655935,16.65094,0.601454,0.04883453,0.148334,-0.5264476,0.8357423,0.1570129
-0.6605704,0.3695698,0.6042129,-0.6605704,16.64231,0.6042129,0.04574853,0.1443481,-0.5172429,0.8423364,0.1570129
-0.6555037,0.3610196,0.6073233,-0.6555037,16.6338,0.6073233,0.04183817,0.1385251,-0.509367,0.8482957,0.1570129
-0.6502932,0.3525805,0.6102601,-0.6502932,16.62539,0.6102601,0.0383868,0.1320111,-0.5027903,0.8534058,0.1570129
-0.6446174,0.3433895,0.612592,-0.6446174,16.61623,0.612592,0.03565237,0.1289586,-0.4956488,0.8581555,0.1570129
-0.6398122,0.3347385,0.6155772,-0.6398122,16.6076,0.6155772,0.03411292,0.1303014,-0.4883626,0.8621833,0.1570129
-0.6350884,0.3264208,0.618937,-0.6350884,16.5993,0.618937,0.03139486,0.1315879,-0.4796998,0.8669413,0.1570129
-0.6311761,0.3181791,0.6221639,-0.6311761,16.59107,0.6221639,0.02637651,0.1368305,-0.4688005,0.872243,0.1570129
-0.6280423,0.3105407,0.6249331,-0.6280423,16.58344,0.6249331,0.02089864,0.1377028,-0.4574259,0.8782726,0.1570129
-0.6244906,0.3027904,0.6276501,-0.6244906,16.5757,0.6276501,0.01342496,0.1384758,-0.444307,0.885006,0.1570129
-0.6232451,0.2969937,0.6281791,-0.6232451,16.5699,0.6281791,0.007475249,0.1496874,-0.4356719,0.8875403,0.1570129
-0.6231952,0.2912629,0.6290442,-0.6231952,16.56417,0.6290442,-0.0006103516,0.1637333,-0.426328,0.8896266,0.1570129
-0.6223754,0.2865033,0.6317122,-0.6223754,16.55942,0.6317122,-0.009079276,0.1644704,-0.4183764,0.8932123,0.1570129
-0.6210418,0.2802269,0.6328627,-0.6210418,16.55314,0.6328627,-0.01422263,0.1580518,-0.4120212,0.897249,0.1570129
-0.6202141,0.2747993,0.6343548,-0.6202141,16.54772,0.6343548,-0.01499379,0.1606997,-0.4044806,0.9001924,0.1570129
-0.6196954,0.2695992,0.63538,-0.6196954,16.54252,0.63538,-0.0133855,0.1717675,-0.3975908,0.9012427,0.1570129
-0.6196954,0.2695992,0.63538,-0.6196954,16.54252,0.63538,-0.0133855,0.1717675,-0.3975908,0.9012427,0.1570129
-0.6212994,0.2609725,0.6372459,-0.6212994,16.53389,0.6372459,-0.01800568,0.1744881,-0.3867727,0.9053379,0.1570129
-0.6227454,0.2579992,0.6372238,-0.6227454,16.53091,0.6372238,-0.01187789,0.168619,-0.3843771,0.9075686,0.1570129
-0.6256964,0.2551773,0.6367679,-0.6256964,16.52809,0.6367679,-0.006719414,0.1640799,-0.3831449,0.9089735,0.1570129
-0.6275246,0.2525618,0.6361289,-0.6275246,16.52547,0.6361289,-0.00627921,0.1620972,-0.3818695,0.9098686,0.1570129
-0.6313286,0.2503552,0.6358432,-0.6313286,16.52327,0.6358432,-0.001529537,0.1611802,-0.3852987,0.9086053,0.1570129
-0.6338724,0.2466793,0.6350584,-0.6338724,16.51959,0.6350584,0.004730914,0.1594514,-0.3863982,0.9084324,0.1570129
-0.6369525,0.244333,0.634481,-0.6369525,16.51725,0.634481,0.01086151,0.1543476,-0.3894863,0.9079423,0.1570129
-0.6399599,0.2413454,0.6345874,-0.6399599,16.51426,0.6345874,0.0140094,0.1510832,-0.3900019,0.908227,0.1570129
-0.6440454,0.2384486,0.6345432,-0.6440454,16.51136,0.6345432,0.01528367,0.1485197,-0.3915325,0.9079706,0.1570129
-0.6474581,0.2363245,0.6334252,-0.6474581,16.50924,0.6334252,0.02123006,0.1487379,-0.3928959,0.9072261,0.1570129
-0.6449502,0.2362857,0.6332951,-0.6449502,16.5092,0.6332951,0.04084525,0.1298117,-0.3828409,0.913736,0.1570129
-0.6360586,0.2387314,0.6317903,-0.6360586,16.51164,0.6317903,0.04358714,0.1164825,-0.3716008,0.9200244,0.1570129
-0.6319638,0.2391624,0.6305064,-0.6319638,16.51208,0.6305064,0.03775329,0.1342448,-0.3791636,0.9147612,0.1570129
-0.629063,0.242934,0.6329741,-0.629063,16.51585,0.6329741,0.008002825,0.2088682,-0.3973975,0.8935241,0.1570129
-0.6310159,0.2432599,0.6345357,-0.6310159,16.51617,0.6345357,-0.004835279,0.2013079,-0.3930497,0.8971977,0.1570129
-0.6318444,0.2419577,0.6360006,-0.6318444,16.51487,0.6360006,-0.008474001,0.1752366,-0.3963834,0.9011662,0.1570129
-0.6322237,0.2400899,0.6373794,-0.6322237,16.513,0.6373794,0.004902609,0.1728617,-0.3992469,0.900387,0.1570129
-0.6316448,0.2383194,0.6371503,-0.6316448,16.51123,0.6371503,0.02848871,0.181931,-0.3996839,0.8979656,0.1570129
-0.6315212,0.2371998,0.6372483,-0.6315212,16.51011,0.6372483,0.03566334,0.1825989,-0.4019028,0.8965824,0.1570129
-0.6315793,0.2370176,0.6370696,-0.6315793,16.50993,0.6370696,0.02682438,0.1807214,-0.4020518,0.8972038,0.1570129
-0.6306056,0.2366514,0.6380506,-0.6306056,16.50956,0.6380506,0.0247908,0.1840229,-0.4024807,0.8963985,0.1570129
-0.6290606,0.2378371,0.6369131,-0.6290606,16.51075,0.6369131,0.02600613,0.1837565,-0.4033074,0.8960471,0.1570129
-0.628603,0.2370238,0.6370679,-0.628603,16.50994,0.6370679,0.02698886,0.1864727,-0.4034953,0.8953721,0.1570129
-0.6269763,0.237138,0.6376505,-0.6269763,16.51005,0.6376505,0.02793784,0.1933829,-0.4039222,0.893683,0.1570129
-0.6266952,0.2368865,0.638757,-0.6266952,16.5098,0.638757,0.02978066,0.1969032,-0.4045584,0.8925664,0.1570129
-0.626238,0.2364666,0.6393003,-0.626238,16.50938,0.6393003,0.03232767,0.1956475,-0.4055739,0.892293,0.1570129
-0.6255267,0.2365835,0.6394613,-0.6255267,16.5095,0.6394613,0.03325133,0.1951119,-0.4065073,0.8919516,0.1570129
-0.6251752,0.2363412,0.6396772,-0.6251752,16.50925,0.6396772,0.03459353,0.1950678,-0.4081005,0.8911822,0.1570129
-0.6247382,0.2360616,0.6396832,-0.6247382,16.50897,0.6396832,0.03558219,0.195924,-0.4096874,0.8902269,0.1570129
-0.624053,0.2357621,0.6394515,-0.624053,16.50867,0.6394515,0.03567107,0.1976971,-0.4113806,0.8890497,0.1570129
-0.6232066,0.2355306,0.639894,-0.6232066,16.50844,0.639894,0.03645838,0.1988622,-0.4130496,0.8879834,0.1570129
-0.6222837,0.2351162,0.6398435,-0.6222837,16.50803,0.6398435,0.03726905,0.2013078,-0.4144161,0.8867613,0.1570129
-0.6216022,0.2349563,0.6401109,-0.6216022,16.50787,0.6401109,0.03594302,0.2068441,-0.4158806,0.8848542,0.1570129
-0.6207833,0.2352071,0.6397794,-0.6207833,16.50812,0.6397794,0.03628508,0.2079295,-0.4173356,0.8839003,0.1570129
-0.6201594,0.2351775,0.6398367,-0.6201594,16.50809,0.6398367,0.0370324,0.207199,-0.4189787,0.8832633,0.1570129
-0.6198169,0.2351463,0.6399015,-0.6198169,16.50806,0.6399015,0.03808066,0.2075062,-0.4205745,0.8823878,0.1570129
-0.6191999,0.2351906,0.6401328,-0.6191999,16.5081,0.6401328,0.0391372,0.2074999,-0.4219225,0.8816992,0.1570129
-0.6184049,0.2349417,0.6402123,-0.6184049,16.50785,0.6402123,0.04026341,0.2065385,-0.4238326,0.8809578,0.1570129
-0.6179228,0.2349036,0.6404519,-0.6179228,16.50782,0.6404519,0.04113426,0.2066264,-0.4252092,0.8802333,0.1570129
-0.6179228,0.2349036,0.6404519,-0.6179228,16.50782,0.6404519,0.04113426,0.2066264,-0.4252092,0.8802333,0.1570129
-0.6172702,0.2346869,0.6412456,-0.6172702,16.5076,0.6412456,0.0424085,0.2082106,-0.4268419,0.8790085,0.1570129
-0.6173583,0.2345529,0.6414798,-0.6173583,16.50747,0.6414798,0.04380437,0.2075172,-0.4271595,0.8789497,0.1570129
-0.6174896,0.2342994,0.6416426,-0.6174896,16.50721,0.6416426,0.04514523,0.2071133,-0.4273186,0.8788998,0.1570129
-0.6174046,0.2338972,0.6418201,-0.6174046,16.50681,0.6418201,0.04614984,0.2079869,-0.4275913,0.8785086,0.1570129
-0.6174865,0.2337372,0.6420547,-0.6174865,16.50665,0.6420547,0.04671132,0.2088263,-0.4276242,0.8782637,0.1570129
-0.6171585,0.2340591,0.6418164,-0.6171585,16.50697,0.6418164,0.04725194,0.2083675,-0.4277195,0.8782974,0.1570129
-0.6171497,0.233994,0.6421411,-0.6171497,16.50691,0.6421411,0.04876766,0.2074171,-0.4276995,0.8784492,0.1570129
-0.6170146,0.2336602,0.642233,-0.6170146,16.50657,0.642233,0.05002203,0.2077972,-0.4275953,0.8783395,0.1570129
-0.6168239,0.2336712,0.6425245,-0.6168239,16.50658,0.6425245,0.05083492,0.2073534,-0.4277996,0.8782983,0.1570129
-0.6169631,0.2338133,0.6430374,-0.6169631,16.50673,0.6430374,0.05159879,0.2081852,-0.4277821,0.8780655,0.1570129
-0.6170115,0.2337232,0.6433574,-0.6170115,16.50664,0.6433574,0.05251237,0.2082394,-0.4278791,0.8779512,0.1570129
-0.6168916,0.2339528,0.6437227,-0.6168916,16.50687,0.6437227,0.05356231,0.2076225,-0.4280367,0.8779571,0.1570129
-0.6172817,0.2340493,0.644012,-0.6172817,16.50696,0.644012,0.05502772,0.2060567,-0.4281265,0.8781915,0.1570129
-0.6173115,0.234014,0.6440389,-0.6173115,16.50693,0.6440389,0.0563731,0.2050155,-0.4283361,0.8782476,0.1570129
-0.6172532,0.2340035,0.6439661,-0.6172532,16.50692,0.6439661,0.05671989,0.2051668,-0.4286076,0.8780575,0.1570129
-0.6170557,0.233814,0.6439197,-0.6170557,16.50673,0.6439197,0.056901,0.2049685,-0.4288699,0.877964,0.1570129
-0.6170805,0.2336929,0.6437801,-0.6170805,16.50661,0.6437801,0.05756544,0.2046418,-0.4291183,0.8778755,0.1570129
-0.6171213,0.2335122,0.643775,-0.6171213,16.50643,0.643775,0.05756363,0.205503,-0.4291466,0.8776606,0.1570129
-0.617082,0.2334387,0.6438626,-0.617082,16.50635,0.6438626,0.05816891,0.2055605,-0.4293137,0.8775254,0.1570129
-0.6172224,0.2332745,0.6441866,-0.6172224,16.50619,0.6441866,0.05845295,0.2056852,-0.4293823,0.8774439,0.1570129
-0.6172224,0.2333827,0.6445954,-0.6172224,16.5063,0.6445954,0.05909691,0.2046735,-0.429655,0.8775039,0.1570129
-0.6171176,0.2332356,0.6447366,-0.6171176,16.50615,0.6447366,0.05984347,0.2041627,-0.4300334,0.8773868,0.1570129
-0.6170472,0.233331,0.6445677,-0.6170472,16.50624,0.6445677,0.06031262,0.2038321,-0.4308151,0.877048,0.1570129
-0.6169789,0.2332408,0.644662,-0.6169789,16.50615,0.644662,0.06065384,0.2034268,-0.4312491,0.8769053,0.1570129
-0.6168193,0.2331049,0.6447006,-0.6168193,16.50602,0.6447006,0.0617204,0.2038537,-0.4319133,0.8764047,0.1570129
-0.6169398,0.2330537,0.6448126,-0.6169398,16.50597,0.6448126,0.06187496,0.2036439,-0.4322412,0.8762809,0.1570129
-0.6170799,0.2328639,0.6450772,-0.6170799,16.50578,0.6450772,0.06281428,0.2020813,-0.4329289,0.8762363,0.1570129
-0.6174357,0.2331414,0.6455365,-0.6174357,16.50605,0.6455365,0.06471696,0.1999317,-0.4337064,0.8762065,0.1570129
-0.6173799,0.2331231,0.6459395,-0.6173799,16.50604,0.6459395,0.06597514,0.1983013,-0.4346758,0.8760028,0.1570129
-0.6172048,0.2333026,0.6460936,-0.6172048,16.50622,0.6460936,0.06717174,0.1968033,-0.4358248,0.8756787,0.1570129
-0.6171982,0.2334173,0.6463078,-0.6171982,16.50633,0.6463078,0.06783672,0.195355,-0.4368685,0.8754316,0.1570129
-0.6170863,0.2333987,0.6467981,-0.6170863,16.50631,0.6467981,0.06887038,0.1927086,-0.4379259,0.8754092,0.1570129
-0.6167608,0.2338188,0.6468999,-0.6167608,16.50673,0.6468999,0.07052675,0.1902978,-0.4391669,0.8751829,0.1570129
-0.616599,0.2338145,0.6471144,-0.616599,16.50673,0.6471144,0.07184333,0.1884644,-0.440561,0.8747718,0.1570129
-0.6162603,0.2337,0.6472614,-0.6162603,16.50661,0.6472614,0.07224531,0.1883934,-0.4417771,0.8741404,0.1570129
-0.6159018,0.2336166,0.6475258,-0.6159018,16.50653,0.6475258,0.07295252,0.1892171,-0.4426962,0.8734386,0.1570129
-0.6158304,0.2338197,0.6478882,-0.6158304,16.50673,0.6478882,0.07262558,0.1905656,-0.4437329,0.8726462,0.1570129
-0.6158767,0.2339153,0.6478844,-0.6158767,16.50683,0.6478844,0.07303571,0.188439,-0.4452621,0.8722948,0.1570129
-0.6156561,0.2340844,0.6478143,-0.6156561,16.507,0.6478143,0.07395981,0.1865279,-0.4463966,0.8720478,0.1570129
-0.6153551,0.233918,0.6477511,-0.6153551,16.50683,0.6477511,0.07472249,0.185749,-0.4474488,0.8716097,0.1570129
-0.6153551,0.233918,0.6477511,-0.6153551,16.50683,0.6477511,0.07472249,0.185749,-0.4474488,0.8716097,0.1570129
-0.6154439,0.2337694,0.6475143,-0.6154439,16.50668,0.6475143,0.07653614,0.1829955,-0.4500575,0.8706912,0.1570129
-0.6150912,0.2337315,0.6476852,-0.6150912,16.50665,0.6476852,0.07532282,0.1861548,-0.4507169,0.8697857,0.1570129
-0.6147755,0.2335656,0.6478566,-0.6147755,16.50648,0.6478566,0.07490852,0.1863392,-0.452017,0.8691071,0.1570129
-0.6144331,0.2337058,0.6477047,-0.6144331,16.50662,0.6477047,0.07551793,0.1858804,-0.4528962,0.8686947,0.1570129
-0.6143482,0.2336109,0.6476851,-0.6143482,16.50652,0.6476851,0.07626913,0.1856302,-0.4537019,0.8682621,0.1570129
-0.6141645,0.2335942,0.6479456,-0.6141645,16.50651,0.6479456,0.07643747,0.1856096,-0.4544159,0.8678782,0.1570129
-0.6141086,0.2335916,0.6480203,-0.6141086,16.5065,0.6480203,0.07665034,0.18561,-0.4550808,0.8675109,0.1570129
-0.6140261,0.2338243,0.6482904,-0.6140261,16.50674,0.6482904,0.07668299,0.1849591,-0.4559328,0.8671996,0.1570129
-0.6140779,0.2338109,0.6482002,-0.6140779,16.50672,0.6482002,0.07681279,0.1845338,-0.4567951,0.8668249,0.1570129
-0.6136737,0.2340763,0.6480525,-0.6136737,16.50699,0.6480525,0.07720665,0.1845077,-0.4575417,0.8664016,0.1570129
-0.6134751,0.2340581,0.6481049,-0.6134751,16.50697,0.6481049,0.07760476,0.1839402,-0.4586863,0.8658813,0.1570129
-0.613216,0.2338488,0.6481529,-0.613216,16.50676,0.6481529,0.07823384,0.1843515,-0.4598169,0.8651373,0.1570129
-0.6130406,0.2336204,0.6484644,-0.6130406,16.50653,0.6484644,0.07893506,0.1849051,-0.4610116,0.8643192,0.1570129
-0.6126657,0.2336721,0.6487581,-0.6126657,16.50658,0.6487581,0.07891589,0.185149,-0.4623172,0.863571,0.1570129
-0.6120191,0.233532,0.6488593,-0.6120191,16.50644,0.6488593,0.07899676,0.1852772,-0.4636715,0.8628097,0.1570129
-0.6115001,0.2336998,0.6488959,-0.6115001,16.50661,0.6488959,0.07895708,0.1850354,-0.4653366,0.8619684,0.1570129
-0.611007,0.2337394,0.6488428,-0.611007,16.50665,0.6488428,0.079769,0.184482,-0.467322,0.8609375,0.1570129
-0.6105399,0.2337692,0.6488299,-0.6105399,16.50668,0.6488299,0.08028349,0.1832266,-0.469367,0.8600449,0.1570129
-0.6101071,0.2337561,0.6487175,-0.6101071,16.50667,0.6487175,0.08014964,0.1825305,-0.4714164,0.859084,0.1570129
-0.6095895,0.233696,0.6484696,-0.6095895,16.50661,0.6484696,0.08073066,0.1814964,-0.4736976,0.8579931,0.1570129
-0.6091918,0.2336681,0.6481615,-0.6091918,16.50658,0.6481615,0.08143189,0.1813156,-0.4760088,0.856685,0.1570129
-0.6083483,0.2339518,0.648047,-0.6083483,16.50686,0.648047,0.08177048,0.1807626,-0.4785703,0.8553414,0.1570129
-0.6077764,0.2343183,0.6481806,-0.6077764,16.50723,0.6481806,0.0818737,0.1798072,-0.4810956,0.8541154,0.1570129
-0.6071877,0.2345169,0.6485822,-0.6071877,16.50743,0.6485822,0.08263777,0.1788062,-0.4837666,0.8527422,0.1570129
-0.606634,0.2348127,0.6489338,-0.606634,16.50772,0.6489338,0.08398695,0.1771667,-0.4864086,0.8514487,0.1570129
-0.6060437,0.2348204,0.6489258,-0.6060437,16.50773,0.6489258,0.08459821,0.1753846,-0.4894396,0.850019,0.1570129
-0.6052366,0.2350073,0.648864,-0.6052366,16.50792,0.648864,0.08556149,0.1747573,-0.4925219,0.8482696,0.1570129
-0.6045874,0.2351651,0.6488647,-0.6045874,16.50808,0.6488647,0.08603459,0.1744259,-0.4953018,0.8466699,0.1570129
-0.6036841,0.2351396,0.6486331,-0.6036841,16.50805,0.6486331,0.08575098,0.173775,-0.4981336,0.8451698,0.1570129
-0.6027372,0.2354195,0.6486571,-0.6027372,16.50833,0.6486571,0.08540004,0.1729412,-0.5011849,0.8435709,0.1570129
-0.6019821,0.2356393,0.6486831,-0.6019821,16.50855,0.6486831,0.08569045,0.1720257,-0.5040208,0.8420377,0.1570129
-0.6014286,0.2362497,0.6487209,-0.6014286,16.50916,0.6487209,0.08598254,0.1710484,-0.5067352,0.8405766,0.1570129
-0.6005019,0.2367725,0.64844,-0.6005019,16.50969,0.64844,0.08562052,0.170368,-0.5097495,0.8389275,0.1570129
-0.5996618,0.2371829,0.6483988,-0.5996618,16.5101,0.6483988,0.08514958,0.1696484,-0.512804,0.8372581,0.1570129
-0.5984725,0.237891,0.6481147,-0.5984725,16.5108,0.6481147,0.08492721,0.1686462,-0.5159823,0.8355286,0.1570129
-0.5973161,0.2387586,0.6479814,-0.5973161,16.51167,0.6479814,0.08348994,0.1677362,-0.5193579,0.8337634,0.1570129
-0.5959224,0.2399294,0.6478475,-0.5959224,16.51284,0.6478475,0.08320164,0.1654748,-0.522864,0.832051,0.1570129
-0.5943756,0.2410769,0.6476083,-0.5943756,16.51399,0.6476083,0.08335767,0.1632,-0.5261732,0.8303969,0.1570129
-0.5928826,0.2424088,0.6473434,-0.5928826,16.51532,0.6473434,0.08230554,0.1612047,-0.5300041,0.8284531,0.1570129
-0.5928826,0.2424088,0.6473434,-0.5928826,16.51532,0.6473434,0.08230554,0.1612047,-0.5300041,0.8284531,0.1570129
-0.5888971,0.2463031,0.6479403,-0.5888971,16.51922,0.6479403,0.08099694,0.1563566,-0.5389553,0.8237228,0.1570129
-0.5871656,0.2477241,0.6483296,-0.5871656,16.52064,0.6483296,0.08106323,0.154507,-0.5431738,0.8212908,0.1570129
-0.5853989,0.2491128,0.6492399,-0.5853989,16.52203,0.6492399,0.08138429,0.1528215,-0.5481403,0.8182692,0.1570129
-0.5833539,0.2502093,0.6498822,-0.5833539,16.52312,0.6498822,0.08157686,0.1500302,-0.5532828,0.8153001,0.1570129
-0.5817437,0.2515135,0.6502299,-0.5817437,16.52443,0.6502299,0.08203965,0.1468231,-0.5583376,0.8123863,0.1570129
-0.5793982,0.2531459,0.6506226,-0.5793982,16.52606,0.6506226,0.08289114,0.1430449,-0.5635552,0.8093656,0.1570129
-0.5770301,0.2544138,0.651051,-0.5770301,16.52733,0.651051,0.08356344,0.139098,-0.5695368,0.8057895,0.1570129
-0.5752115,0.2555659,0.6513952,-0.5752115,16.52848,0.6513952,0.08461045,0.1353004,-0.5743203,0.8029267,0.1570129
-0.5725335,0.2573202,0.6518701,-0.5725335,16.53023,0.6518701,0.08660156,0.1300614,-0.5800387,0.7994619,0.1570129
-0.5692942,0.2590756,0.652517,-0.5692942,16.53199,0.652517,0.09060784,0.1239372,-0.5864834,0.795278,0.1570129
-0.5661649,0.2609582,0.6530296,-0.5661649,16.53396,0.6530296,0.09191193,0.1203238,-0.5923133,0.7913529,0.1570129
-0.5618155,0.2635341,0.6542217,-0.5618155,16.53654,0.6542217,0.09340374,0.1170756,-0.5994797,0.7862527,0.1570129
-0.5572649,0.265775,0.6555917,-0.5572649,16.53879,0.6555917,0.0950514,0.1136738,-0.6061769,0.7814046,0.1570129
-0.5530748,0.2680416,0.6571106,-0.5530748,16.54106,0.6571106,0.09750049,0.1101609,-0.6129651,0.7762938,0.1570129
-0.5477222,0.2709968,0.659029,-0.5477222,16.54402,0.659029,0.1007348,0.1065165,-0.620878,0.7700762,0.1570129
-0.5422469,0.2738819,0.6607902,-0.5422469,16.54692,0.6607902,0.1047514,0.1019895,-0.628534,0.7639177,0.1570129
-0.535657,0.2777607,0.66284,-0.535657,16.55081,0.66284,0.1098398,0.09735886,-0.6375456,0.7563016,0.1570129
-0.5276381,0.2824123,0.6651556,-0.5276381,16.55548,0.6651556,0.1123189,0.09393073,-0.6466022,0.7486436,0.1570129
-0.5189061,0.287348,0.6669486,-0.5189061,16.56045,0.6669486,0.1116453,0.09294163,-0.654458,0.7420121,0.1570129
-0.5109632,0.2914431,0.6684791,-0.5109632,16.56458,0.6684791,0.1136841,0.09385721,-0.6615487,0.7352687,0.1570129
-0.5000681,0.296922,0.6697675,-0.5000681,16.57012,0.6697675,0.1152224,0.09675856,-0.669401,0.7275053,0.1570129
-0.4894612,0.302098,0.6697371,-0.4894612,16.57539,0.6697371,0.1161047,0.1057319,-0.6753773,0.7205595,0.1570129
-0.4788115,0.3070786,0.6688175,-0.4788115,16.58051,0.6688175,0.1220223,0.1161569,-0.6788877,0.7146535,0.1570129
-0.4691405,0.3125031,0.6691046,-0.4691405,16.5861,0.6691046,0.1189895,0.1251077,-0.6882117,0.7046661,0.1570129
-0.4601302,0.3190594,0.6692337,-0.4601302,16.59287,0.6692337,0.1164723,0.141609,-0.6943074,0.6959298,0.1570129
-0.4509045,0.3263483,0.6692576,-0.4509045,16.60046,0.6692576,0.1182894,0.1404668,-0.6983449,0.6918028,0.1570129
-0.442203,0.3346424,0.6685753,-0.442203,16.60914,0.6685753,0.1169393,0.1308677,-0.7065022,0.6856045,0.1570129
-0.4337425,0.3424485,0.6674747,-0.4337425,16.61743,0.6674747,0.117296,0.129363,-0.7123619,0.6797407,0.1570129
-0.426102,0.3523529,0.6651049,-0.426102,16.62791,0.6651049,0.1200744,0.1305335,-0.7168532,0.6742882,0.1570129
-0.4158957,0.36326,0.6625624,-0.4158957,16.63986,0.6625624,0.1297527,0.1146494,-0.7236004,0.6681484,0.1570129
-0.404729,0.3728046,0.6613503,-0.404729,16.65101,0.6613503,0.1267113,0.119874,-0.7292842,0.6616034,0.1570129
-0.3943105,0.3820691,0.6602168,-0.3943105,16.6624,0.6602168,0.1234393,0.1288135,-0.7336528,0.6556855,0.1570129
-0.3830347,0.391669,0.6591194,-0.3830347,16.67525,0.6591194,0.1161407,0.1373173,-0.7387757,0.649512,0.1570129
-0.3830347,0.391669,0.6591194,-0.3830347,16.67525,0.6591194,0.1161407,0.1373173,-0.7387757,0.649512,0.1570129
-0.3830347,0.391669,0.6591194,-0.3830347,16.67525,0.6591194,0.1161407,0.1373173,-0.7387757,0.649512,0.1570129
-0.350348,0.4164314,0.6541876,-0.350348,16.71914,0.6541876,0.1126866,0.1662157,-0.7469299,0.6338531,0.1570129
-0.3408252,0.4239793,0.6525633,-0.3408252,16.73654,0.6525633,0.1158851,0.1788156,-0.7473506,0.6293352,0.1570129
-0.3300707,0.4325926,0.6507478,-0.3300707,16.75959,0.6507478,0.1158519,0.1888951,-0.7473525,0.6263874,0.1570129
-0.31993,0.4406558,0.6494703,-0.31993,16.78495,0.6494703,0.1125318,0.1932894,-0.7484894,0.6242912,0.1570129
-0.3093045,0.4490769,0.64821,-0.3093045,16.81558,0.64821,0.1091304,0.1932294,-0.7494397,0.6237734,0.1570129
-0.2991607,0.4554696,0.6468756,-0.2991607,16.84687,0.6468756,0.108665,0.1926089,-0.7495623,0.6238991,0.1570129
-0.2882352,0.4619539,0.6450663,-0.2882352,16.88332,0.6450663,0.1085309,0.1957609,-0.7483319,0.6244182,0.1570129
-0.2781229,0.4680812,0.644031,-0.2781229,16.91874,0.644031,0.1069186,0.1991366,-0.7473577,0.6247956,0.1570129
-0.2671802,0.4728503,0.6425693,-0.2671802,16.95498,0.6425693,0.1035886,0.2017999,-0.7449896,0.6273251,0.1570129
-0.2568402,0.4773412,0.6415324,-0.2568402,16.98727,0.6415324,0.1019596,0.2059045,-0.7425955,0.6290942,0.1570129
-0.2469375,0.4794961,0.6408303,-0.2469375,17.01309,0.6408303,0.09957504,0.2101492,-0.7372936,0.6342872,0.1570129
-0.2367954,0.4825521,0.6399634,-0.2367954,17.03675,0.6399634,0.09628361,0.2134038,-0.7332906,0.6383363,0.1570129
-0.2262163,0.484653,0.6386157,-0.2262163,17.05629,0.6386157,0.09399306,0.2164696,-0.7274005,0.6443561,0.1570129
-0.2153995,0.4856079,0.6379775,-0.2153995,17.07112,0.6379775,0.09122434,0.2211164,-0.720202,0.6512256,0.1570129
-0.2050905,0.4854472,0.6371371,-0.2050905,17.08101,0.6371371,0.08828655,0.2256368,-0.7130025,0.6579673,0.1570129
-0.1949027,0.4843181,0.6367164,-0.1949027,17.08732,0.6367164,0.08389481,0.2311939,-0.7049394,0.6652605,0.1570129
-0.1848536,0.4836187,0.6362479,-0.1848536,17.09207,0.6362479,0.07954933,0.2351834,-0.6977991,0.6718907,0.1570129
-0.1744027,0.4813855,0.6356609,-0.1744027,17.09399,0.6356609,0.07488445,0.2379128,-0.6894579,0.6800277,0.1570129
-0.1646738,0.4780556,0.6353631,-0.1646738,17.09347,0.6353631,0.07081474,0.2402052,-0.6806541,0.6884742,0.1570129
-0.1557949,0.4746597,0.6353619,-0.1557949,17.09198,0.6353619,0.06676397,0.2411931,-0.6714969,0.6974671,0.1570129
-0.146313,0.4710132,0.6348618,-0.146313,17.08985,0.6348618,0.0634468,0.2419789,-0.6626387,0.7059254,0.1570129
-0.1369736,0.4656187,0.6345067,-0.1369736,17.08555,0.6345067,0.0597454,0.242497,-0.6525582,0.7153974,0.1570129
-0.1270514,0.4593457,0.634223,-0.1270514,17.08013,0.634223,0.05500619,0.2425978,-0.641143,0.7259864,0.1570129
-0.1180985,0.4526248,0.6339656,-0.1180985,17.07398,0.6339656,0.05122955,0.2424267,-0.6303173,0.7357343,0.1570129
-0.1090662,0.4454764,0.6334802,-0.1090662,17.06725,0.6334802,0.04727444,0.2415628,-0.6200121,0.7449816,0.1570129
-0.1002672,0.4385302,0.6330881,-0.1002672,17.06061,0.6330881,0.04366923,0.2419199,-0.6098379,0.7534358,0.1570129
-0.09196997,0.4298743,0.6328301,-0.09196997,17.05217,0.6328301,0.04088499,0.2438406,-0.5989707,0.7616458,0.1570129
-0.08423615,0.4211046,0.6325753,-0.08423615,17.04356,0.6325753,0.03797603,0.2454777,-0.5880457,0.7697408,0.1570129
-0.07678008,0.4122746,0.6324778,-0.07678008,17.03484,0.6324778,0.03391814,0.246168,-0.5771836,0.7778882,0.1570129
-0.0700531,0.40289,0.6322379,-0.0700531,17.02554,0.6322379,0.02896644,0.245327,-0.5664595,0.7861928,0.1570129
-0.06273293,0.3942258,0.6321058,-0.06273293,17.01695,0.6321058,0.02482533,0.2458612,-0.5557429,0.7937795,0.1570129
-0.0559032,0.3839099,0.6311696,-0.0559032,17.00668,0.6311696,0.0207081,0.2446468,-0.5450253,0.8016648,0.1570129
-0.0559032,0.3839099,0.6311696,-0.0559032,17.00668,0.6311696,0.0207081,0.2446468,-0.5450253,0.8016648,0.1570129
-0.04509354,0.3654165,0.6305974,-0.04509354,16.98825,0.6305974,0.01693899,0.2308315,-0.5266129,0.8179907,0.1570129
-0.0391686,0.3560741,0.6301514,-0.0391686,16.97894,0.6301514,0.01661188,0.2235694,-0.5179772,0.8254941,0.1570129
-0.03464603,0.346611,0.629928,-0.03464603,16.96949,0.629928,0.01834043,0.2166872,-0.5104654,0.8319468,0.1570129
-0.03000402,0.3375351,0.6301708,-0.03000402,16.96043,0.6301708,0.02204257,0.2133747,-0.502607,0.8374793,0.1570129
-0.02545714,0.3283813,0.629904,-0.02545714,16.95129,0.629904,0.02321953,0.2106014,-0.4947843,0.8427909,0.1570129
-0.02218318,0.3195858,0.6294856,-0.02218318,16.9425,0.6294856,0.02292356,0.2095041,-0.4852541,0.8485935,0.1570129
-0.01875734,0.3115587,0.6295235,-0.01875734,16.93448,0.6295235,0.02260807,0.206517,-0.4745942,0.8553362,0.1570129
-0.0144856,0.3026099,0.6294101,-0.0144856,16.92554,0.6294101,0.02153841,0.2028275,-0.4635203,0.8622912,0.1570129
-0.01114202,0.2955582,0.6292772,-0.01114202,16.91849,0.6292772,0.02020402,0.1938995,-0.4524318,0.87023,0.1570129
-0.00941515,0.288897,0.6273756,-0.00941515,16.91183,0.6273756,0.01783063,0.2013439,-0.4409319,0.8744837,0.1570129
-0.006041765,0.2816339,0.6258161,-0.006041765,16.90458,0.6258161,0.0151185,0.206454,-0.4275302,0.8799807,0.1570129
-0.004444122,0.2762773,0.624074,-0.004444122,16.89922,0.624074,0.01021241,0.2060511,-0.4189257,0.8842737,0.1570129
-0.001831055,0.2707312,0.6232995,-0.001831055,16.89368,0.6232995,0.006700538,0.2060182,-0.4087687,0.8890556,0.1570129
0.0001380444,0.266032,0.6224506,0.0001380444,16.88898,0.6224506,0.004463502,0.2049491,-0.3984741,0.8939767,0.1570129
0.0004572868,0.261755,0.621429,0.0004572868,16.8847,0.621429,0.004700896,0.1989067,-0.3890975,0.8994538,0.1570129
5.483627E-05,0.2578769,0.6207461,5.483627E-05,16.88083,0.6207461,0.005084636,0.1926997,-0.3814714,0.9040578,0.1570129
0.000600338,0.2531157,0.6198645,0.000600338,16.87606,0.6198645,0.00834554,0.1867358,-0.3738343,0.9084646,0.1570129
-0.00102663,0.2492039,0.618432,-0.00102663,16.87215,0.618432,0.01541231,0.178406,-0.367522,0.9126124,0.1570129
-0.002826929,0.2462935,0.6171718,-0.002826929,16.86924,0.6171718,0.02046162,0.1765431,-0.3621077,0.9150366,0.1570129
-0.003785133,0.2426934,0.6156406,-0.003785133,16.86564,0.6156406,0.02379463,0.1746311,-0.3570643,0.917302,0.1570129
-0.005862474,0.2403979,0.6141269,-0.005862474,16.86335,0.6141269,0.02571254,0.1745384,-0.3538077,0.918529,0.1570129
-0.008103132,0.2380116,0.6138146,-0.008103132,16.86096,0.6138146,0.02737724,0.1741229,-0.3525214,0.919054,0.1570129
-0.01048946,0.2354214,0.6139817,-0.01048946,16.85837,0.6139817,0.02898495,0.1708704,-0.3528063,0.9195058,0.1570129
-0.01273394,0.2328672,0.61409,-0.01273394,16.85582,0.61409,0.0306846,0.1676908,-0.3527173,0.9200701,0.1570129
-0.01609826,0.2312851,0.6141591,-0.01609826,16.85423,0.6141591,0.03773197,0.170795,-0.3555551,0.9181427,0.1570129
-0.0178299,0.2303419,0.6142813,-0.0178299,16.85329,0.6142813,0.05180055,0.1695515,-0.3539569,0.9183047,0.1570129
-0.01746368,0.2316151,0.6162803,-0.01746368,16.85456,0.6162803,0.03433606,0.165567,-0.3570247,0.9186631,0.1570129
-0.0141387,0.2320547,0.6163899,-0.0141387,16.855,0.6163899,0.04632259,0.1534739,-0.3541089,0.9213614,0.1570129
-0.008633852,0.2352047,0.6144931,-0.008633852,16.85815,0.6144931,0.05794561,0.1596554,-0.3590811,0.9177217,0.1570129
-0.005025864,0.2369058,0.6166036,-0.005025864,16.85985,0.6166036,0.02541145,0.2016013,-0.3634208,0.9091955,0.1570129
-0.003947496,0.2377684,0.6175032,-0.003947496,16.86072,0.6175032,0.008460802,0.2115668,-0.3684643,0.9052083,0.1570129
-0.003928185,0.2374618,0.6184629,-0.003928185,16.86041,0.6184629,0.008440524,0.2060155,-0.3729531,0.9046504,0.1570129
-0.004090309,0.2356803,0.6181753,-0.004090309,16.85863,0.6181753,0.0260525,0.1916396,-0.3781613,0.9053119,0.1570129
-0.003966331,0.2340505,0.6171201,-0.003966331,16.857,0.6171201,0.03917145,0.1875026,-0.3804078,0.9047642,0.1570129
-0.003831863,0.2334428,0.6164184,-0.003831863,16.85639,0.6164184,0.03924765,0.1894757,-0.3825078,0.9034635,0.1570129
-0.002958298,0.2328992,0.6158355,-0.002958298,16.85585,0.6158355,0.03814809,0.1885422,-0.3851254,0.9025935,0.1570129
-0.001755238,0.2328694,0.6153729,-0.001755238,16.85582,0.6153729,0.03778012,0.191472,-0.3871425,0.9011281,0.1570129
-0.001472712,0.2329092,0.6155473,-0.001472712,16.85586,0.6155473,0.03606822,0.196304,-0.3877119,0.899913,0.1570129
-0.001472712,0.2329092,0.6155473,-0.001472712,16.85586,0.6155473,0.03606822,0.196304,-0.3877119,0.899913,0.1570129
9.298325E-06,0.2326663,0.6160734,9.298325E-06,16.85561,0.6160734,0.0362152,0.1999954,-0.3904371,0.8979138,0.1570129
1.168251E-05,0.2318437,0.6168441,1.168251E-05,16.85479,0.6168441,0.03882201,0.2010265,-0.3913739,0.8971665,0.1570129
-8.98838E-05,0.2315602,0.6181056,-8.98838E-05,16.85451,0.6181056,0.043386,0.1986883,-0.3925679,0.8969566,0.1570129
0.0003125668,0.2319505,0.6191375,0.0003125668,16.8549,0.6191375,0.04593997,0.1964601,-0.3935306,0.8968984,0.1570129
0.0006375313,0.2317662,0.620095,0.0006375313,16.85471,0.620095,0.04772341,0.1952705,-0.3948223,0.8964972,0.1570129
0.001444817,0.2317734,0.6200484,0.001444817,16.85472,0.6200484,0.0491957,0.1964791,-0.3965627,0.8953847,0.1570129
0.002209187,0.2315896,0.6199157,0.002209187,16.85454,0.6199157,0.04832782,0.2000837,-0.3979934,0.8939979,0.1570129
0.002928495,0.2312031,0.6197847,0.002928495,16.85415,0.6197847,0.04744344,0.2034212,-0.3989062,0.8928846,0.1570129
0.003586292,0.2310441,0.6193851,0.003586292,16.85399,0.6193851,0.04637756,0.2061347,-0.3998438,0.8918983,0.1570129
0.003820419,0.2306731,0.619073,0.003820419,16.85362,0.619073,0.04736439,0.2059588,-0.4007709,0.8914708,0.1570129
0.004337072,0.2300618,0.6189783,0.004337072,16.85301,0.6189783,0.04950475,0.2051913,-0.401977,0.8909884,0.1570129
0.004963875,0.2298799,0.6192609,0.004963875,16.85283,0.6192609,0.05111322,0.2052465,-0.4034289,0.8902283,0.1570129
0.005704165,0.2298036,0.6195284,0.005704165,16.85275,0.6195284,0.05126721,0.2069645,-0.4049026,0.8891521,0.1570129
0.006763935,0.229537,0.6196399,0.006763935,16.85249,0.6196399,0.05086936,0.2097926,-0.4066944,0.8876932,0.1570129
0.0073874,0.2294388,0.6193436,0.0073874,16.85239,0.6193436,0.05084943,0.2125032,-0.4083777,0.8862756,0.1570129
0.007858753,0.229419,0.6191916,0.007858753,16.85237,0.6191916,0.05030853,0.2143893,-0.4098405,0.8851763,0.1570129
0.008223772,0.22931,0.6192377,0.008223772,16.85226,0.6192377,0.05026392,0.2148123,-0.4109184,0.8845763,0.1570129
0.00813818,0.2291019,0.6191041,0.00813818,16.85205,0.6191041,0.05190415,0.2124481,-0.4123453,0.8843885,0.1570129
0.008406878,0.2290123,0.6191323,0.008406878,16.85196,0.6191323,0.05332182,0.2111431,-0.4138587,0.8839097,0.1570129
0.008756876,0.2288449,0.6191921,0.008756876,16.85179,0.6191921,0.05320796,0.2125334,-0.414961,0.8830662,0.1570129
0.009471416,0.2289629,0.619024,0.009471416,16.85191,0.619024,0.05349926,0.2134354,-0.4161114,0.8822894,0.1570129
0.009868145,0.2288876,0.619009,0.009868145,16.85184,0.619009,0.053635,0.2146747,-0.4175268,0.8813112,0.1570129
0.01034546,0.2289011,0.6189167,0.01034546,16.85185,0.6189167,0.05373133,0.2148016,-0.4188421,0.88065,0.1570129
0.01064873,0.2289336,0.6188983,0.01064873,16.85188,0.6188983,0.05369401,0.2142503,-0.4200715,0.880201,0.1570129
0.01098156,0.2290075,0.6188351,0.01098156,16.85196,0.6188351,0.05423303,0.2135664,-0.4213331,0.879731,0.1570129
0.01139951,0.2288294,0.6188216,0.01139951,16.85178,0.6188216,0.05479013,0.2135609,-0.422764,0.8790111,0.1570129
0.01170635,0.2286997,0.6188054,0.01170635,16.85165,0.6188054,0.05513877,0.213688,-0.4240966,0.8783162,0.1570129
0.0121839,0.2287924,0.6185139,0.0121839,16.85174,0.6185139,0.05468178,0.2149754,-0.4253068,0.8774449,0.1570129
0.01224422,0.2288957,0.6186237,0.01224422,16.85184,0.6186237,0.05486256,0.2154724,-0.4264799,0.8767421,0.1570129
0.01278162,0.2291493,0.6186681,0.01278162,16.8521,0.6186681,0.05541656,0.2147558,-0.4274193,0.8764255,0.1570129
0.01297641,0.2291603,0.6187258,0.01297641,16.85211,0.6187258,0.05585621,0.2139723,-0.4283571,0.8761314,0.1570129
0.01316786,0.2290862,0.6187313,0.01316786,16.85203,0.6187313,0.05631319,0.21357,-0.4292088,0.8757834,0.1570129
0.01315522,0.2290545,0.6187547,0.01315522,16.852,0.6187547,0.05632246,0.2142695,-0.4296845,0.8753785,0.1570129
0.01315522,0.2290545,0.6187547,0.01315522,16.852,0.6187547,0.05632246,0.2142695,-0.4296845,0.8753785,0.1570129
0.01348996,0.22877,0.6184952,0.01348996,16.85172,0.6184952,0.05644798,0.214221,-0.4309047,0.8747823,0.1570129
0.01367974,0.2288589,0.6183962,0.01367974,16.85181,0.6183962,0.05653187,0.2143265,-0.431526,0.8744447,0.1570129
0.01382303,0.228862,0.6185607,0.01382303,16.85181,0.6185607,0.05678225,0.21404,-0.4321424,0.8741943,0.1570129
0.01403046,0.2287381,0.6186051,0.01403046,16.85169,0.6186051,0.05705204,0.2141608,-0.4329456,0.8737496,0.1570129
0.01405239,0.2286918,0.6185715,0.01405239,16.85164,0.6185715,0.05735071,0.21364,-0.433509,0.8735781,0.1570129
0.01414466,0.2287636,0.6185788,0.01414466,16.85171,0.6185788,0.05744196,0.2137216,-0.4339507,0.8733329,0.1570129
0.0140388,0.2287736,0.618494,0.0140388,16.85172,0.618494,0.05757139,0.2130469,-0.4345059,0.8732132,0.1570129
0.01390672,0.2287378,0.618347,0.01390672,16.85168,0.618347,0.05804979,0.2119725,-0.4352462,0.8730743,0.1570129
0.01388812,0.228616,0.6182885,0.01388812,16.85156,0.6182885,0.0580684,0.2119298,-0.4359705,0.8727219,0.1570129
0.0140028,0.2285836,0.6182382,0.0140028,16.85153,0.6182382,0.05799033,0.2117677,-0.4367892,0.872357,0.1570129
0.01439714,0.2287118,0.6181854,0.01439714,16.85166,0.6181854,0.05778724,0.2118844,-0.4374618,0.8720051,0.1570129
0.01458883,0.2287107,0.6180613,0.01458883,16.85166,0.6180613,0.05731094,0.2123092,-0.4381815,0.8715717,0.1570129
0.01481605,0.2285769,0.6179411,0.01481605,16.85152,0.6179411,0.05697167,0.2127962,-0.4387916,0.8711682,0.1570129
0.01465106,0.2284663,0.6178374,0.01465106,16.85141,0.6178374,0.05701572,0.212074,-0.439512,0.8709782,0.1570129
0.01464272,0.2284403,0.617867,0.01464272,16.85139,0.617867,0.05749797,0.2108129,-0.4403134,0.8708479,0.1570129
0.01464033,0.2283862,0.6180294,0.01464033,16.85133,0.6180294,0.05786352,0.2099634,-0.4412678,0.8705458,0.1570129
0.01477695,0.2282732,0.6180707,0.01477695,16.85122,0.6180707,0.05792889,0.2100138,-0.4421107,0.8701015,0.1570129
0.01511908,0.228426,0.6178331,0.01511908,16.85137,0.6178331,0.05779279,0.2094397,-0.4433125,0.8696374,0.1570129
0.01529098,0.2283204,0.6176344,0.01529098,16.85127,0.6176344,0.05750017,0.2093125,-0.4442619,0.8692027,0.1570129
0.01538301,0.2282963,0.6175202,0.01538301,16.85124,0.6175202,0.05736811,0.2091276,-0.4453247,0.868712,0.1570129
0.01566124,0.2284737,0.6173769,0.01566124,16.85142,0.6173769,0.05760529,0.2084762,-0.4460848,0.8684628,0.1570129
0.01569796,0.2284927,0.6173884,0.01569796,16.85144,0.6173884,0.05766088,0.2081178,-0.4471169,0.8680143,0.1570129
0.01569414,0.2284467,0.6172999,0.01569414,16.85139,0.6172999,0.05782204,0.2076204,-0.4479641,0.8676858,0.1570129
0.01603222,0.2287669,0.6170137,0.01603222,16.85172,0.6170137,0.05767057,0.2079191,-0.4488014,0.8671916,0.1570129
0.01611757,0.2288244,0.6169775,0.01611757,16.85177,0.6169775,0.05708076,0.2079468,-0.4497139,0.866751,0.1570129
0.01627541,0.228816,0.6170138,0.01627541,16.85176,0.6170138,0.05673289,0.2077946,-0.4505511,0.8663755,0.1570129
0.01636314,0.228832,0.616757,0.01636314,16.85178,0.616757,0.05625534,0.2077352,-0.4516234,0.8658624,0.1570129
0.01670408,0.2286985,0.6164818,0.01670408,16.85165,0.6164818,0.05594977,0.2072425,-0.4527708,0.865401,0.1570129
0.016716,0.228615,0.6161356,0.016716,16.85156,0.6161356,0.05540123,0.2076474,-0.4539716,0.8647098,0.1570129
0.01722884,0.2286954,0.6158724,0.01722884,16.85164,0.6158724,0.05516099,0.2076624,-0.4551941,0.8640786,0.1570129
0.0177474,0.2285066,0.6159804,0.0177474,16.85145,0.6159804,0.0551389,0.2083247,-0.4563073,0.8633332,0.1570129
0.0180068,0.2285054,0.615752,0.0180068,16.85145,0.615752,0.05471719,0.2093661,-0.4573846,0.8625377,0.1570129
0.01825976,0.2285314,0.6156731,0.01825976,16.85148,0.6156731,0.0542489,0.2095934,-0.458735,0.8617947,0.1570129
0.01825976,0.2285314,0.6156731,0.01825976,16.85148,0.6156731,0.0542489,0.2095934,-0.458735,0.8617947,0.1570129
0.01903009,0.2284212,0.6154618,0.01903009,16.85137,0.6154618,0.0530516,0.2096294,-0.4612921,0.8604944,0.1570129
0.0193305,0.228406,0.6151547,0.0193305,16.85135,0.6151547,0.05292111,0.2091923,-0.4623622,0.8600344,0.1570129
0.01952958,0.2283509,0.6150968,0.01952958,16.8513,0.6150968,0.05267507,0.2092861,-0.4638642,0.8592175,0.1570129
0.01980639,0.2282665,0.6149471,0.01980639,16.85121,0.6149471,0.0528262,0.2092541,-0.4654365,0.8583653,0.1570129
0.02006912,0.2281439,0.6147761,0.02006912,16.85109,0.6147761,0.05232411,0.2093153,-0.4669316,0.8575687,0.1570129
0.02069616,0.2280188,0.6145574,0.02069616,16.85097,0.6145574,0.05161517,0.2096394,-0.4687009,0.8565668,0.1570129
0.02111053,0.2279787,0.6143886,0.02111053,16.85093,0.6143886,0.05134505,0.2095633,-0.4702939,0.8557281,0.1570129
0.02168107,0.228056,0.614224,0.02168107,16.851,0.614224,0.05164829,0.2093194,-0.4718201,0.854929,0.1570129
0.02205443,0.228091,0.6143732,0.02205443,16.85104,0.6143732,0.051289,0.2094058,-0.4733981,0.8540568,0.1570129
0.02267814,0.2280846,0.6143453,0.02267814,16.85103,0.6143453,0.05082466,0.2092623,-0.4752553,0.8530877,0.1570129
0.023,0.2279913,0.6140902,0.023,16.85094,0.6140902,0.05061865,0.2100367,-0.4767664,0.8520659,0.1570129
0.02350116,0.2278869,0.6139905,0.02350116,16.85083,0.6139905,0.05065896,0.2094417,-0.4787092,0.8511201,0.1570129
0.02373171,0.2278385,0.6138505,0.02373171,16.85079,0.6138505,0.05052192,0.2080301,-0.4804667,0.8504839,0.1570129
0.02412987,0.2278602,0.6138127,0.02412987,16.85081,0.6138127,0.05018842,0.2072616,-0.482715,0.8494174,0.1570129
0.02480483,0.2276704,0.6135359,0.02480483,16.85062,0.6135359,0.05077538,0.2055722,-0.4853884,0.8482689,0.1570129
0.02505445,0.2274737,0.6135573,0.02505445,16.85042,0.6135573,0.05087756,0.2044996,-0.4877827,0.8471479,0.1570129
0.02548552,0.2274654,0.6134207,0.02548552,16.85041,0.6134207,0.05077802,0.2036865,-0.4901954,0.8459562,0.1570129
0.02592993,0.2275362,0.6132584,0.02592993,16.85048,0.6132584,0.05057057,0.2029924,-0.4927823,0.8446315,0.1570129
0.0268662,0.2278399,0.6129375,0.0268662,16.85079,0.6129375,0.04948751,0.2034961,-0.4955362,0.8429616,0.1570129
0.02743125,0.227886,0.6127379,0.02743125,16.85083,0.6127379,0.04877026,0.2036026,-0.4980346,0.841504,0.1570129
0.02804255,0.2280114,0.6126125,0.02804255,16.85096,0.6126125,0.0487795,0.2019243,-0.5011666,0.8400471,0.1570129
0.02883244,0.2283256,0.6123309,0.02883244,16.85127,0.6123309,0.04874742,0.2004512,-0.5043718,0.838482,0.1570129
0.02955866,0.228626,0.6119354,0.02955866,16.85157,0.6119354,0.04853051,0.1992297,-0.5077545,0.8367423,0.1570129
0.03057289,0.2290838,0.6112719,0.03057289,16.85203,0.6112719,0.04688342,0.1981203,-0.5111258,0.8350453,0.1570129
0.03174043,0.2294354,0.6105864,0.03174043,16.85238,0.6105864,0.04466072,0.1984941,-0.5143469,0.8330984,0.1570129
0.032866,0.2304449,0.6098881,0.032866,16.85339,0.6098881,0.04371992,0.1978873,-0.5173823,0.8314113,0.1570129
0.03365159,0.2312233,0.6094806,0.03365159,16.85417,0.6094806,0.0414644,0.1963528,-0.5211427,0.82954,0.1570129
0.03462124,0.2325675,0.6092927,0.03462124,16.85551,0.6092927,0.04127701,0.1926036,-0.5245219,0.8282976,0.1570129
0.03581095,0.2342353,0.609104,0.03581095,16.85718,0.609104,0.04041394,0.1879234,-0.5281507,0.8271084,0.1570129
0.03749347,0.2356749,0.6082697,0.03749347,16.85862,0.6082697,0.04075046,0.1833517,-0.5316994,0.8258435,0.1570129
0.03892541,0.2367897,0.6078273,0.03892541,16.85974,0.6078273,0.0409369,0.1810258,-0.5352322,0.8240634,0.1570129
0.04092145,0.2386625,0.608001,0.04092145,16.86161,0.608001,0.03910054,0.1827185,-0.5392395,0.8211613,0.1570129
0.04301977,0.2399938,0.607875,0.04301977,16.86294,0.607875,0.03796691,0.1793724,-0.5431146,0.8193965,0.1570129
0.04535532,0.2420712,0.6086985,0.04535532,16.86502,0.6086985,0.03920557,0.1770663,-0.5485447,0.8162164,0.1570129
0.04753566,0.2437057,0.6088512,0.04753566,16.86665,0.6088512,0.03962813,0.1744229,-0.5536955,0.813282,0.1570129
0.04946566,0.245183,0.6088053,0.04946566,16.86813,0.6088053,0.03910711,0.173396,-0.5580572,0.810541,0.1570129
0.0518713,0.2469494,0.6091862,0.0518713,16.8699,0.6091862,0.03892129,0.1720755,-0.5632963,0.8072004,0.1570129
0.05401421,0.2485077,0.6092629,0.05401421,16.87146,0.6092629,0.03880243,0.1693431,-0.5681765,0.8043586,0.1570129
0.05401421,0.2485077,0.6092629,0.05401421,16.87146,0.6092629,0.03880243,0.1693431,-0.5681765,0.8043586,0.1570129
0.05617857,0.2505062,0.6098492,0.05617857,16.87345,0.6098492,0.04078692,0.1639275,-0.5745914,0.8008177,0.1570129
0.05617857,0.2505062,0.6098492,0.05617857,16.87345,0.6098492,0.04078692,0.1639275,-0.5745914,0.8008177,0.1570129
0.06579137,0.256521,0.6103712,0.06579137,16.87947,0.6103712,0.05198469,0.1438525,-0.5949808,0.7890513,0.1570129
0.07073355,0.258894,0.6099775,0.07073355,16.88184,0.6099775,0.05318107,0.142822,-0.6022148,0.7836524,0.1570129
0.07614303,0.2613106,0.609252,0.07614303,16.88426,0.609252,0.05319738,0.1439343,-0.6094639,0.7778218,0.1570129
0.08114338,0.2640135,0.6088245,0.08114338,16.88711,0.6088245,0.05487074,0.1442005,-0.6164384,0.7721393,0.1570129
0.08792567,0.2673745,0.6081822,0.08792567,16.8905,0.6081822,0.05907907,0.1461079,-0.6249648,0.7645791,0.1570129
0.09387827,0.2706921,0.607655,0.09387827,16.89385,0.607655,0.06305667,0.1434391,-0.6325534,0.758502,0.1570129
0.1008761,0.2750032,0.6069958,0.1008761,16.89821,0.6069958,0.06889623,0.1375422,-0.6400089,0.7528108,0.1570129
0.108057,0.2794302,0.6064835,0.108057,16.9027,0.6064835,0.07318784,0.1299254,-0.6476538,0.7471998,0.1570129
0.115248,0.2842388,0.6056751,0.115248,16.90759,0.6056751,0.07819957,0.1241209,-0.6543918,0.7417885,0.1570129
0.1241891,0.2893665,0.6041441,0.1241891,16.91284,0.6041441,0.08412859,0.1109912,-0.6599386,0.7382983,0.1570129
0.1330066,0.2943747,0.6028438,0.1330066,16.91802,0.6028438,0.08811158,0.100071,-0.6667516,0.7332561,0.1570129
0.1424937,0.3001084,0.6002893,0.1424937,16.924,0.6002893,0.09046243,0.1050584,-0.673575,0.7260001,0.1570129
0.1515226,0.3053601,0.5977757,0.1515226,16.92957,0.5977757,0.09572022,0.1105178,-0.6786578,0.7197549,0.1570129
0.1597421,0.3107147,0.5961406,0.1597421,16.93531,0.5961406,0.09810195,0.1142803,-0.684983,0.7128214,0.1570129
0.1686878,0.3172615,0.5939878,0.1686878,16.94241,0.5939878,0.09912845,0.1161867,-0.6913562,0.7061875,0.1570129
0.177309,0.3247228,0.5924864,0.177309,16.95059,0.5924864,0.09552976,0.1155467,-0.6980948,0.7001333,0.1570129
0.1841443,0.3334584,0.5916195,0.1841443,16.96006,0.5916195,0.09507374,0.1207926,-0.7037734,0.6935944,0.1570129
0.1919327,0.3409617,0.5898279,0.1919327,16.96862,0.5898279,0.1006487,0.1051303,-0.709143,0.6898795,0.1570129
0.2005694,0.3484905,0.587641,0.2005694,16.97769,0.587641,0.1047402,0.09216189,-0.7154236,0.6846201,0.1570129
0.2117262,0.3577871,0.5861633,0.2117262,16.98971,0.5861633,0.1029349,0.1147489,-0.7213469,0.6752006,0.1570129
0.2210846,0.3659797,0.5843514,0.2210846,17.00106,0.5843514,0.09999301,0.1326877,-0.7265274,0.6667483,0.1570129
0.2302394,0.3740509,0.5827038,0.2302394,17.01325,0.5827038,0.09924065,0.1431556,-0.7307602,0.660036,0.1570129
0.2407055,0.3831649,0.5810276,0.2407055,17.02871,0.5810276,0.09887636,0.1548469,-0.7347233,0.6530142,0.1570129
0.2499447,0.3913643,0.5791669,0.2499447,17.04434,0.5791669,0.09817306,0.1630799,-0.7391939,0.6460336,0.1570129
0.2591071,0.3999934,0.5774572,0.2591071,17.06248,0.5774572,0.09650926,0.1706184,-0.7425965,0.6404107,0.1570129
0.2679029,0.4082401,0.5754825,0.2679029,17.08222,0.5754825,0.09606376,0.1782562,-0.7455292,0.6349667,0.1570129
0.2764902,0.4165967,0.5731854,0.2764902,17.10435,0.5731854,0.09723734,0.184229,-0.7472824,0.63101,0.1570129
0.2846117,0.4243989,0.5714638,0.2846117,17.12767,0.5714638,0.09951877,0.1854082,-0.7491502,0.6280874,0.1570129
0.2935162,0.4322494,0.570508,0.2935162,17.15534,0.570508,0.1004505,0.1846289,-0.7515334,0.6253155,0.1570129
0.3030896,0.4408305,0.5687571,0.3030896,17.18818,0.5687571,0.1002922,0.1872713,-0.7543473,0.6211531,0.1570129
0.3120847,0.4471447,0.5673201,0.3120847,17.21943,0.5673201,0.09779034,0.1864721,-0.7546765,0.6213925,0.1570129
0.3120847,0.4471447,0.5673201,0.3120847,17.21943,0.5673201,0.09779034,0.1864721,-0.7546765,0.6213925,0.1570129
0.3307524,0.4591509,0.5652388,0.3307524,17.28544,0.5652388,0.09302695,0.198709,-0.7535766,0.6196637,0.1570129
0.339891,0.4639996,0.5642648,0.339891,17.31543,0.5642648,0.09074052,0.2030283,-0.7525944,0.6197962,0.1570129
0.3490701,0.4674164,0.5635918,0.3490701,17.34187,0.5635918,0.08780202,0.2060336,-0.7502443,0.6220728,0.1570129
0.3584566,0.4707693,0.5622385,0.3584566,17.3658,0.5622385,0.08633542,0.210489,-0.7472252,0.6244159,0.1570129
0.3676984,0.4728507,0.5614953,0.3676984,17.38495,0.5614953,0.08420774,0.216348,-0.7428092,0.6279626,0.1570129
0.3768399,0.4742596,0.5605159,0.3768399,17.4002,0.5605159,0.0808439,0.2202445,-0.7380394,0.6326566,0.1570129
0.3876748,0.4762704,0.5593123,0.3876748,17.41508,0.5593123,0.07777486,0.222512,-0.7328229,0.6382868,0.1570129
0.3972287,0.4773115,0.5586777,0.3972287,17.42476,0.5586777,0.07534956,0.2260645,-0.7277885,0.6430717,0.1570129
0.4068432,0.4766678,0.5581925,0.4068432,17.43074,0.5581925,0.07088497,0.2289653,-0.7209135,0.6502569,0.1570129
0.4166598,0.4765048,0.5575938,0.4166598,17.43565,0.5575938,0.06602532,0.230794,-0.7149255,0.656701,0.1570129
0.4267473,0.4731399,0.5574062,0.4267473,17.43612,0.5574062,0.06244222,0.2302009,-0.7068406,0.6659466,0.1570129
0.4365561,0.4713243,0.5568119,0.4365561,17.43703,0.5568119,0.05932056,0.2332674,-0.6998026,0.672565,0.1570129
0.4486573,0.4668978,0.554943,0.4486573,17.43499,0.554943,0.05432709,0.2369614,-0.6911013,0.6806445,0.1570129
0.453958,0.4665357,0.5573728,0.453958,17.43541,0.5573728,0.04932502,0.2385117,-0.6814379,0.6901606,0.1570129
0.4641812,0.4625086,0.5578015,0.4641812,17.43256,0.5578015,0.04515304,0.2400912,-0.6712667,0.6997988,0.1570129
0.4752278,0.457871,0.5575166,0.4752278,17.42882,0.5575166,0.03979548,0.2411811,-0.660727,0.7097098,0.1570129
0.485543,0.4537703,0.5575949,0.485543,17.42531,0.5575949,0.03484429,0.2420973,-0.6512827,0.7183353,0.1570129
0.4958069,0.4492548,0.5575228,0.4958069,17.42121,0.5575228,0.02999349,0.2436854,-0.641339,0.7269127,0.1570129
0.5055561,0.4425414,0.5574607,0.5055561,17.41478,0.5574607,0.02530664,0.2448227,-0.6301333,0.7364465,0.1570129
0.5152342,0.4371346,0.5580025,0.5152342,17.40958,0.5580025,0.02079562,0.245571,-0.6191029,0.7456367,0.1570129
0.5251667,0.4306327,0.5580658,0.5251667,17.40323,0.5580658,0.01521037,0.24827,-0.6076174,0.7542757,0.1570129
0.535018,0.4246228,0.5577596,0.535018,17.39733,0.5577596,0.01022425,0.2504479,-0.5966005,0.7623905,0.1570129
0.5443616,0.4183156,0.5576928,0.5443616,17.39109,0.5576928,0.006158808,0.2528783,-0.5854284,0.7702522,0.1570129
0.5535688,0.4113889,0.5575857,0.5535688,17.38422,0.5575857,0.002267356,0.257234,-0.5739738,0.7774186,0.1570129
0.5633566,0.4042196,0.5570655,0.5633566,17.37709,0.5570655,-0.003198964,0.2622798,-0.5612465,0.7849851,0.1570129
0.5722134,0.3979545,0.5568383,0.5722134,17.37086,0.5568383,-0.008293148,0.2647086,-0.5499652,0.7920851,0.1570129
0.5802512,0.391216,0.5567524,0.5802512,17.36414,0.5567524,-0.01231792,0.2649203,-0.5395246,0.7991112,0.1570129
0.5885656,0.3848855,0.5565646,0.5885656,17.35782,0.5565646,-0.01603286,0.2659511,-0.5294358,0.8054258,0.1570129
0.5958393,0.3779943,0.5560144,0.5958393,17.35094,0.5560144,-0.01810534,0.2639793,-0.5215905,0.8111292,0.1570129
0.6026587,0.3717813,0.5559587,0.6026587,17.34473,0.5559587,-0.02047909,0.2624355,-0.513411,0.8167725,0.1570129
0.610343,0.3644223,0.5552338,0.610343,17.33738,0.5552338,-0.02299236,0.2584358,-0.5048764,0.8232753,0.1570129
0.6178288,0.3572686,0.5549533,0.6178288,17.33023,0.5549533,-0.02322642,0.2530796,-0.4977961,0.8292227,0.1570129
0.6240067,0.3506799,0.554914,0.6240067,17.32364,0.554914,-0.02438719,0.2440721,-0.4900633,0.836464,0.1570129
0.6240067,0.3506799,0.554914,0.6240067,17.32364,0.554914,-0.02438719,0.2440721,-0.4900633,0.836464,0.1570129
0.6356838,0.3380034,0.5525725,0.6356838,17.31097,0.5525725,-0.02995552,0.2470208,-0.4683714,0.8477687,0.1570129
0.6406138,0.3319147,0.5526845,0.6406138,17.30489,0.5526845,-0.03282557,0.2422931,-0.4598749,0.8536578,0.1570129
0.6459463,0.3259947,0.5524216,0.6459463,17.29897,0.5524216,-0.03631525,0.241703,-0.4516992,0.8580377,0.1570129
0.6502283,0.3208375,0.5527604,0.6502283,17.29381,0.5527604,-0.03705433,0.244227,-0.4443552,0.8611206,0.1570129
0.65482,0.3153048,0.5529037,0.65482,17.28828,0.5529037,-0.03976402,0.2439716,-0.4362527,0.8652053,0.1570129
0.6588502,0.3103285,0.5529609,0.6588502,17.28331,0.5529609,-0.04613612,0.245622,-0.4276359,0.8687168,0.1570129
0.6635413,0.3047891,0.5529423,0.6635413,17.27777,0.5529423,-0.05315402,0.2491086,-0.4183117,0.8718572,0.1570129
0.6673422,0.2994843,0.5531609,0.6673422,17.27246,0.5531609,-0.05885524,0.2536202,-0.4095642,0.8743398,0.1570129
0.6714246,0.2938383,0.5530093,0.6714246,17.26682,0.5530093,-0.0624777,0.2601122,-0.4006841,0.8762936,0.1570129
0.6750634,0.2889197,0.5529423,0.6750634,17.2619,0.5529423,-0.0650976,0.2632996,-0.3922549,0.8789607,0.1570129
0.6774106,0.2843466,0.5515828,0.6774106,17.25732,0.5515828,-0.06918307,0.2706832,-0.3862104,0.8790824,0.1570129
0.6797206,0.2797418,0.5501716,0.6797206,17.25272,0.5501716,-0.07370946,0.2835457,-0.3784783,0.8780222,0.1570129
0.6801717,0.2757363,0.548722,0.6801717,17.24871,0.548722,-0.08079561,0.2976501,-0.3730029,0.8750688,0.1570129
0.6814156,0.2712984,0.5481437,0.6814156,17.24428,0.5481437,-0.08790486,0.3051137,-0.3660254,0.8747593,0.1570129
0.6820283,0.267426,0.5484099,0.6820283,17.2404,0.5484099,-0.09279937,0.3090816,-0.3601342,0.8753058,0.1570129
0.6831574,0.2634211,0.5486653,0.6831574,17.2364,0.5486653,-0.09571528,0.3123958,-0.3546204,0.8760661,0.1570129
0.6832366,0.2598915,0.5481436,0.6832366,17.23287,0.5481436,-0.09510476,0.3155198,-0.3496805,0.8769983,0.1570129
0.6841435,0.2557659,0.5471761,0.6841435,17.22874,0.5471761,-0.0975244,0.3224513,-0.3439598,0.8764735,0.1570129
0.6843467,0.2525046,0.5466897,0.6843467,17.22548,0.5466897,-0.1017627,0.3327889,-0.3396968,0.8737861,0.1570129
0.6840591,0.2493184,0.5461299,0.6840591,17.2223,0.5461299,-0.1042017,0.3416521,-0.3350428,0.8718728,0.1570129
0.6834164,0.2464194,0.5456054,0.6834164,17.2194,0.5456054,-0.1043062,0.3484534,-0.3318884,0.8703738,0.1570129
0.6822233,0.2436061,0.5450916,0.6822233,17.21659,0.5450916,-0.1048306,0.3512253,-0.328696,0.8704081,0.1570129
0.6811032,0.2403378,0.5443449,0.6811032,17.21332,0.5443449,-0.1048737,0.3549219,-0.3256886,0.8700338,0.1570129
0.6795492,0.2373555,0.5441746,0.6795492,17.21033,0.5441746,-0.1023455,0.3577885,-0.3253865,0.8692735,0.1570129
0.6773355,0.2351031,0.5435696,0.6773355,17.20808,0.5435696,-0.09498137,0.3628877,-0.3294288,0.8664685,0.1570129
0.6769819,0.2339554,0.5430226,0.6769819,17.20693,0.5430226,-0.08380774,0.3530693,-0.3279804,0.8722082,0.1570129
0.6777461,0.2325153,0.5432248,0.6777461,17.20549,0.5432248,-0.09002402,0.3446898,-0.3268688,0.8753522,0.1570129
0.6838369,0.2334092,0.542732,0.6838369,17.20639,0.542732,-0.07144357,0.3233216,-0.3276443,0.8848774,0.1570129
0.6890364,0.23476,0.5405281,0.6890364,17.20774,0.5405281,-0.06225934,0.3290019,-0.3322296,0.8817625,0.1570129
0.6926937,0.2368083,0.5418123,0.6926937,17.20979,0.5418123,-0.09111189,0.3643719,-0.335348,0.863987,0.1570129
0.6926978,0.2381959,0.5415443,0.6926978,17.21117,0.5415443,-0.09636781,0.3713418,-0.34133,0.8580865,0.1570129
0.6923504,0.2375748,0.5421193,0.6923504,17.21055,0.5421193,-0.09435581,0.3672087,-0.346071,0.8581897,0.1570129
0.6926882,0.2372899,0.5424573,0.6926882,17.21027,0.5424573,-0.08209717,0.3496042,-0.3571597,0.8622493,0.1570129
0.6936677,0.2366855,0.5420167,0.6936677,17.20966,0.5420167,-0.07507637,0.3450421,-0.3639417,0.8618909,0.1570129
0.6951656,0.2355814,0.5413538,0.6951656,17.20856,0.5413538,-0.07882203,0.3485914,-0.3621392,0.8608869,0.1570129
0.6965675,0.2348261,0.5408337,0.6965675,17.20781,0.5408337,-0.08012054,0.3549313,-0.3645085,0.8571686,0.1570129
0.6974833,0.2334745,0.5396366,0.6974833,17.20645,0.5396366,-0.07801024,0.3628058,-0.3664795,0.8532169,0.1570129
0.6981344,0.2325644,0.5384943,0.6981344,17.20554,0.5384943,-0.07620478,0.3638388,-0.3674717,0.8525132,0.1570129
0.6982994,0.2320189,0.5388708,0.6982994,17.205,0.5388708,-0.07627959,0.3630105,-0.3690119,0.8521942,0.1570129
0.6982994,0.2320189,0.5388708,0.6982994,17.205,0.5388708,-0.07627959,0.3630105,-0.3690119,0.8521942,0.1570129
0.6998489,0.2318554,0.5396838,0.6998489,17.20483,0.5396838,-0.07569914,0.3661425,-0.3699092,0.8505154,0.1570129
0.7007451,0.2315173,0.5408599,0.7007451,17.2045,0.5408599,-0.07568625,0.3668708,-0.3709956,0.8497292,0.1570129
0.7012472,0.2312102,0.5419147,0.7012472,17.20419,0.5419147,-0.07302254,0.3684578,-0.3728945,0.8484434,0.1570129
0.7022345,0.2310598,0.542717,0.7022345,17.20404,0.542717,-0.06956027,0.3694789,-0.3745175,0.847575,0.1570129
0.7026103,0.2307649,0.5436544,0.7026103,17.20374,0.5436544,-0.06635327,0.3692015,-0.3771529,0.846784,0.1570129
0.7031898,0.2303963,0.543884,0.7031898,17.20337,0.543884,-0.06454935,0.3681106,-0.3795254,0.8463383,0.1570129
0.7039158,0.2304411,0.5435468,0.7039158,17.20342,0.5435468,-0.06424738,0.3682763,-0.3810417,0.8456075,0.1570129
0.7045293,0.2301235,0.5432966,0.7045293,17.2031,0.5432966,-0.06436995,0.3702527,-0.3823001,0.8441659,0.1570129
0.7050266,0.2297006,0.543035,0.7050266,17.20268,0.543035,-0.06405389,0.3734356,-0.3831578,0.8423973,0.1570129
0.7055073,0.2293329,0.5430902,0.7055073,17.20231,0.5430902,-0.06322872,0.3748451,-0.3843441,0.8412924,0.1570129
0.7059925,0.2290447,0.5434294,0.7059925,17.20202,0.5434294,-0.06153276,0.3736821,-0.3858032,0.8412676,0.1570129
0.7067137,0.2285519,0.5435315,0.7067137,17.20153,0.5435315,-0.06007218,0.3732714,-0.3873975,0.8408228,0.1570129
0.7075412,0.2283568,0.5439061,0.7075412,17.20134,0.5439061,-0.0583724,0.3733115,-0.389683,0.8398681,0.1570129
0.7082615,0.2281082,0.543965,0.7082615,17.20109,0.543965,-0.05834023,0.3755178,-0.3911542,0.8382012,0.1570129
0.7090008,0.2278848,0.5439374,0.7090008,17.20086,0.5439374,-0.05828784,0.3778354,-0.3926183,0.836477,0.1570129
0.709465,0.2276986,0.5438204,0.709465,17.20068,0.5438204,-0.05799124,0.3785759,-0.3940729,0.8354782,0.1570129
0.7097344,0.2274756,0.5438122,0.7097344,17.20045,0.5438122,-0.05757592,0.3781496,-0.3956521,0.8349535,0.1570129
0.7100544,0.2271831,0.5436997,0.7100544,17.20016,0.5436997,-0.05638182,0.3772892,-0.3976256,0.8344865,0.1570129
0.7104511,0.2271376,0.5434338,0.7104511,17.20012,0.5434338,-0.05569999,0.3772187,-0.3992625,0.8337824,0.1570129
0.7105942,0.2268934,0.5430857,0.7105942,17.19987,0.5430857,-0.05583339,0.3781004,-0.4002565,0.832897,0.1570129
0.7110896,0.2266407,0.542738,0.7110896,17.19962,0.542738,-0.05577986,0.3794306,-0.4012054,0.8318385,0.1570129
0.7116947,0.2268231,0.5421944,0.7116947,17.1998,0.5421944,-0.0559513,0.3810343,-0.4021647,0.8306298,0.1570129
0.7121444,0.2268021,0.5420394,0.7121444,17.19978,0.5420394,-0.05645129,0.3827146,-0.4028758,0.8294781,0.1570129
0.7126164,0.2269366,0.5421323,0.7126164,17.19991,0.5421323,-0.05680803,0.3837935,-0.4040213,0.8283974,0.1570129
0.7129157,0.2267842,0.5421053,0.7129157,17.19976,0.5421053,-0.05679097,0.3839774,-0.4049721,0.8278489,0.1570129
0.7132301,0.2266846,0.5418731,0.7132301,17.19966,0.5418731,-0.05624873,0.3842357,-0.4065601,0.8269872,0.1570129
0.7137203,0.2264805,0.5415876,0.7137203,17.19946,0.5415876,-0.05630267,0.3853914,-0.4078439,0.8258128,0.1570129
0.7141399,0.2263839,0.5413179,0.7141399,17.19936,0.5413179,-0.05681793,0.3874547,-0.4087225,0.8243765,0.1570129
0.7146311,0.2264979,0.5408396,0.7146311,17.19948,0.5408396,-0.05757346,0.3892029,-0.4097211,0.8230036,0.1570129
0.7149827,0.2264891,0.5404906,0.7149827,17.19947,0.5404906,-0.05823899,0.3897153,-0.4105434,0.8223042,0.1570129
0.7153311,0.2264469,0.5397992,0.7153311,17.19942,0.5397992,-0.0585568,0.3902259,-0.4115912,0.8215154,0.1570129
0.7154231,0.2261026,0.5393918,0.7154231,17.19908,0.5393918,-0.05932486,0.3928911,-0.411988,0.8199897,0.1570129
0.7154231,0.2261026,0.5393918,0.7154231,17.19908,0.5393918,-0.05932486,0.3928911,-0.411988,0.8199897,0.1570129
0.7156579,0.226027,0.538958,0.7156579,17.19901,0.538958,-0.06097269,0.3961639,-0.4125276,0.8180205,0.1570129
0.7156579,0.226027,0.538958,0.7156579,17.19901,0.538958,-0.06097269,0.3961639,-0.4125276,0.8180205,0.1570129
0.7166135,0.2258556,0.5381957,0.7166135,17.19883,0.5381957,-0.06103656,0.3966839,-0.4154783,0.8162685,0.1570129
0.7169018,0.225836,0.5382003,0.7169018,17.19881,0.5382003,-0.06055752,0.3962165,-0.4167663,0.8158745,0.1570129
0.7171328,0.2257907,0.5381849,0.7171328,17.19877,0.5381849,-0.06008842,0.3956472,-0.4182843,0.8154085,0.1570129
0.71769,0.2260594,0.5379364,0.71769,17.19904,0.5379364,-0.05976691,0.3957605,-0.4195594,0.8147218,0.1570129
0.718101,0.225872,0.5378299,0.718101,17.19885,0.5378299,-0.05972589,0.3958909,-0.4207009,0.8140725,0.1570129
0.7182732,0.225775,0.537673,0.7182732,17.19875,0.537673,-0.05929313,0.3959838,-0.4217728,0.8135041,0.1570129
0.7184868,0.2256474,0.5376705,0.7184868,17.19863,0.5376705,-0.058666,0.3965155,-0.4225425,0.8128909,0.1570129
0.7187364,0.2255452,0.5378246,0.7187364,17.19852,0.5378246,-0.05829046,0.3965789,-0.423652,0.8123093,0.1570129
0.7188094,0.2255075,0.5377123,0.7188094,17.19849,0.5377123,-0.05793507,0.3961815,-0.4250359,0.8118056,0.1570129
0.7190151,0.2254105,0.5375521,0.7190151,17.19839,0.5375521,-0.05711978,0.3954227,-0.4263565,0.8115407,0.1570129
0.7190151,0.2254105,0.5375521,0.7190151,17.19839,0.5375521,-0.05711978,0.3954227,-0.4263565,0.8115407,0.1570129
0.7195673,0.225127,0.5372976,0.7195673,17.1981,0.5372976,-0.05718353,0.3968,-0.4280925,0.8099486,0.1570129
0.7202899,0.2249796,0.5372438,0.7202899,17.19796,0.5372438,-0.05769324,0.3985297,-0.4299257,0.80809,0.1570129
0.7206316,0.2250724,0.5370755,0.7206316,17.19805,0.5370755,-0.05711847,0.3978632,-0.4315075,0.807616,0.1570129
0.7211535,0.2247701,0.5368407,0.7211535,17.19775,0.5368407,-0.05675902,0.396861,-0.4330789,0.8072933,0.1570129
0.7216556,0.2246795,0.5368195,0.7216556,17.19766,0.5368195,-0.05634342,0.3960684,-0.4351182,0.8066148,0.1570129
0.7227633,0.2243581,0.536211,0.7227633,17.19734,0.536211,-0.05591007,0.396256,-0.4389158,0.8044926,0.1570129
0.7232659,0.2243242,0.5360329,0.7232659,17.1973,0.5360329,-0.05575708,0.3964205,-0.4409311,0.8033192,0.1570129
0.7238486,0.2242887,0.5357051,0.7238486,17.19727,0.5357051,-0.05641247,0.3962291,-0.4430144,0.8022209,0.1570129
0.72452,0.224124,0.5353928,0.72452,17.1971,0.5353928,-0.05744974,0.3971145,-0.4448065,0.8007165,0.1570129
0.72452,0.224124,0.5353928,0.72452,17.1971,0.5353928,-0.05744974,0.3971145,-0.4448065,0.8007165,0.1570129
0.7248986,0.2240202,0.5349865,0.7248986,17.197,0.5349865,-0.05790136,0.3971393,-0.4466152,0.7996641,0.1570129
0.7253242,0.2239597,0.5346391,0.7253242,17.19694,0.5346391,-0.05854211,0.3969472,-0.4486491,0.7985736,0.1570129
0.725559,0.2237291,0.5340581,0.725559,17.19671,0.5340581,-0.06031954,0.3987556,-0.4509849,0.7962211,0.1570129
0.725559,0.2237291,0.5340581,0.725559,17.19671,0.5340581,-0.06031954,0.3987556,-0.4509849,0.7962211,0.1570129
0.725575,0.2237008,0.5336633,0.725575,17.19668,0.5336633,-0.06083353,0.3979993,-0.4523497,0.7957861,0.1570129
0.7258043,0.223789,0.5336795,0.7258043,17.19677,0.5336795,-0.06118232,0.397135,-0.4537632,0.7953864,0.1570129
0.7261167,0.2238083,0.5333562,0.7261167,17.19679,0.5333562,-0.06149182,0.3964714,-0.45548,0.7947119,0.1570129
0.726474,0.223768,0.5328047,0.726474,17.19675,0.5328047,-0.06287018,0.3984946,-0.4564516,0.793033,0.1570129
0.7267742,0.2237744,0.5323451,0.7267742,17.19675,0.5323451,-0.0637034,0.3991674,-0.4576557,0.7919334,0.1570129
0.7273898,0.2242999,0.5317523,0.7273898,17.19728,0.5317523,-0.06522223,0.3989777,-0.4589353,0.7911645,0.1570129
0.7276795,0.2243371,0.5313302,0.7276795,17.19732,0.5313302,-0.06551186,0.3980433,-0.4605452,0.7906756,0.1570129
0.7281697,0.2241886,0.5309309,0.7281697,17.19717,0.5309309,-0.06530625,0.3966386,-0.4626082,0.790194,0.1570129
0.7285547,0.2242045,0.5305147,0.7285547,17.19718,0.5305147,-0.06521972,0.3951077,-0.4647755,0.7896962,0.1570129
0.7292821,0.2242544,0.5304205,0.7292821,17.19723,0.5304205,-0.06614679,0.3950592,-0.4672281,0.7881946,0.1570129
0.7300224,0.224359,0.5297749,0.7300224,17.19734,0.5297749,-0.06821667,0.3960609,-0.4695098,0.786157,0.1570129
0.7308292,0.224741,0.5290656,0.7308292,17.19772,0.5290656,-0.0694908,0.3967237,-0.4714371,0.7845562,0.1570129
0.7308292,0.224741,0.5290656,0.7308292,17.19772,0.5290656,-0.0694908,0.3967237,-0.4714371,0.7845562,0.1570129
0.7321439,0.2249048,0.5276489,0.7321439,17.19788,0.5276489,-0.07288309,0.3958113,-0.4758051,0.7820684,0.1570129
0.7321439,0.2249048,0.5276489,0.7321439,17.19788,0.5276489,-0.07288309,0.3958113,-0.4758051,0.7820684,0.1570129
0.7325909,0.2249498,0.5271488,0.7325909,17.19793,0.5271488,-0.07356235,0.3945011,-0.4781592,0.7812306,0.1570129
0.7330966,0.2251635,0.5259531,0.7330966,17.19814,0.5259531,-0.07520116,0.3935959,-0.4824267,0.778904,0.1570129
0.7334921,0.2251391,0.5253611,0.7334921,17.19812,0.5253611,-0.07743435,0.393495,-0.4844885,0.7774552,0.1570129
0.7338827,0.2255268,0.5246742,0.7338827,17.19851,0.5246742,-0.07948041,0.3939593,-0.4862363,0.7759209,0.1570129
0.7350876,0.2261853,0.5233119,0.7350876,17.19916,0.5233119,-0.08349176,0.392848,-0.4908421,0.7731582,0.1570129
0.7355947,0.2265196,0.5224702,0.7355947,17.1995,0.5224702,-0.08456975,0.3920061,-0.4932345,0.7719449,0.1570129
0.7361453,0.2267795,0.5216694,0.7361453,17.19976,0.5216694,-0.08799721,0.3911699,-0.4961372,0.7701237,0.1570129
0.736783,0.2269912,0.5205801,0.736783,17.19997,0.5205801,-0.08902008,0.3909319,-0.4984218,0.7686504,0.1570129
0.736783,0.2269912,0.5205801,0.736783,17.19997,0.5205801,-0.08902008,0.3909319,-0.4984218,0.7686504,0.1570129
0.7381558,0.2275524,0.5193927,0.7381558,17.20053,0.5193927,-0.09492492,0.3914006,-0.5033572,0.7644778,0.1570129
0.7381558,0.2275524,0.5193927,0.7381558,17.20053,0.5193927,-0.09492492,0.3914006,-0.5033572,0.7644778,0.1570129
0.7387354,0.2278874,0.5185869,0.7387354,17.20087,0.5185869,-0.09772285,0.3915484,-0.5055656,0.7625901,0.1570129
0.7394233,0.2283649,0.5178345,0.7394233,17.20134,0.5178345,-0.09923749,0.3912973,-0.5081661,0.7607928,0.1570129
0.7402818,0.2292914,0.5168409,0.7402818,17.20227,0.5168409,-0.101479,0.3892243,-0.5109504,0.7596948,0.1570129
0.7409344,0.2300444,0.5159764,0.7409344,17.20302,0.5159764,-0.1048188,0.3885534,-0.513725,0.7577109,0.1570129
0.7418196,0.2309687,0.5151802,0.7418196,17.20395,0.5151802,-0.1074825,0.3861846,-0.5172061,0.7561791,0.1570129
0.7428524,0.2318671,0.5143962,0.7428524,17.20485,0.5143962,-0.1094148,0.3841673,-0.5207315,0.7545082,0.1570129
0.7439871,0.2329795,0.513418,0.7439871,17.20596,0.513418,-0.112865,0.3820027,-0.5247318,0.7523245,0.1570129
0.7455125,0.2341883,0.5124242,0.7455125,17.20717,0.5124242,-0.1152856,0.3798625,-0.528887,0.7501281,0.1570129
0.7471781,0.2357619,0.5113525,0.7471781,17.20874,0.5113525,-0.1184388,0.3773426,-0.5331246,0.7479058,0.1570129
0.7491376,0.2373173,0.5102593,0.7491376,17.2103,0.5102593,-0.1215741,0.3745041,-0.5380914,0.7452677,0.1570129
0.753726,0.2409689,0.5079989,0.753726,17.21395,0.5079989,-0.1270515,0.3680085,-0.5497748,0.7390367,0.1570129
0.7563293,0.2424836,0.5066314,0.7563293,17.21546,0.5066314,-0.1303117,0.3646394,-0.5551012,0.7361519,0.1570129
0.7590308,0.2445343,0.5052307,0.7590308,17.21751,0.5052307,-0.1333867,0.3612164,-0.5617839,0.7322088,0.1570129
0.7590308,0.2445343,0.5052307,0.7590308,17.21751,0.5052307,-0.1333867,0.3612164,-0.5617839,0.7322088,0.1570129
0.7655797,0.2494986,0.5006104,0.7655797,17.22248,0.5006104,-0.1366049,0.3524032,-0.5765032,0.7244275,0.1570129
0.7694943,0.2524824,0.4978518,0.7694943,17.22546,0.4978518,-0.1380977,0.3476313,-0.5844352,0.7200813,0.1570129
0.7694943,0.2524824,0.4978518,0.7694943,17.22546,0.4978518,-0.1380977,0.3476313,-0.5844352,0.7200813,0.1570129
0.773608,0.2551556,0.4952881,0.773608,17.22813,0.4952881,-0.139238,0.3433247,-0.5926413,0.7152044,0.1570129
0.7785814,0.2586577,0.4921225,0.7785814,17.23164,0.4921225,-0.1397353,0.33882,-0.6009209,0.7103303,0.1570129
0.7843761,0.2623379,0.4887636,0.7843761,17.23532,0.4887636,-0.1397214,0.3342059,-0.6089553,0.7056612,0.1570129
0.790436,0.2660773,0.4847827,0.790436,17.41283,0.4847827,-0.1415766,0.3302931,-0.6180711,0.6991786,0.1570129
0.7962983,0.2697122,0.4807637,0.7962983,17.41668,0.4807637,-0.1444186,0.3273511,-0.6263157,0.6926133,0.1570129
0.8109946,0.2783213,0.4710901,0.8109946,17.42568,0.4710901,-0.1486894,0.3176279,-0.6406202,0.6830885,0.1570129
0.8176746,0.2832124,0.465937,0.8176746,17.4307,0.465937,-0.1565368,0.3162917,-0.6482131,0.6747411,0.1570129
0.8176746,0.2832124,0.465937,0.8176746,17.4307,0.465937,-0.1565368,0.3162917,-0.6482131,0.6747411,0.1570129
0.8244588,0.288101,0.4611695,0.8244588,17.43569,0.4611695,-0.1588083,0.3159446,-0.6547312,0.6680465,0.1570129
0.8244588,0.288101,0.4611695,0.8244588,17.43569,0.4611695,-0.1588083,0.3159446,-0.6547312,0.6680465,0.1570129
0.8386936,0.296169,0.4470328,0.8386936,17.4439,0.4470328,-0.1617021,0.3209362,-0.6651647,0.654529,0.1570129
0.8463621,0.3003113,0.4411948,0.8463621,17.4481,0.4411948,-0.169527,0.3267153,-0.6680456,0.6467092,0.1570129
0.8521757,0.3037822,0.4334874,0.8521757,17.4516,0.4334874,-0.1814326,0.3422647,-0.6689805,0.6343518,0.1570129
0.858469,0.3070192,0.4263322,0.858469,17.45487,0.4263322,-0.1890369,0.3452763,-0.6714962,0.6278074,0.1570129
0.8654802,0.3100867,0.4205034,0.8654802,17.45797,0.4205034,-0.194933,0.3441741,-0.6714863,0.6266191,0.1570129
0.8730617,0.3119004,0.4132142,0.8730617,17.4598,0.4132142,-0.1981287,0.3425348,-0.6671518,0.6311288,0.1570129
0.8890533,0.3117652,0.3960011,0.8890533,17.4597,0.3960011,-0.2088467,0.3594977,-0.6535095,0.6325107,0.1570129
0.8977268,0.311687,0.3869758,0.8977268,17.45963,0.3869758,-0.215505,0.3651654,-0.6469634,0.6337588,0.1570129
0.906193,0.3093538,0.376595,0.906193,17.45731,0.376595,-0.2249144,0.3834754,-0.6366606,0.630098,0.1570129
0.906193,0.3093538,0.376595,0.906193,17.45731,0.376595,-0.2249144,0.3834754,-0.6366606,0.630098,0.1570129
0.9229555,0.3043025,0.3569595,0.9229555,17.45227,0.3569595,-0.2360611,0.4136062,-0.6180931,0.6254327,0.1570129
0.9308553,0.3016391,0.3465338,0.9308553,17.44961,0.3465338,-0.2417024,0.4252442,-0.6092888,0.6241111,0.1570129
0.938683,0.2983477,0.3358674,0.938683,17.44632,0.3358674,-0.2463732,0.4376003,-0.5985562,0.6241289,0.1570129
0.9470932,0.2953041,0.3244731,0.9470932,17.44328,0.3244731,-0.2514482,0.4515654,-0.5875739,0.6225908,0.1570129
0.9470932,0.2953041,0.3244731,0.9470932,17.44328,0.3244731,-0.2514482,0.4515654,-0.5875739,0.6225908,0.1570129
0.9643068,0.2870338,0.2989848,0.9643068,17.43501,0.2989848,-0.2623928,0.4894029,-0.5594829,0.6153159,0.1570129
0.9724965,0.2836382,0.2860756,0.9724965,17.43162,0.2860756,-0.2684332,0.505495,-0.5448461,0.6128305,0.1570129
0.9724965,0.2836382,0.2860756,0.9724965,17.43162,0.2860756,-0.2684332,0.505495,-0.5448461,0.6128305,0.1570129
0.9800689,0.2799978,0.2725754,0.9800689,17.42797,0.2725754,-0.2742943,0.5189134,-0.5298932,0.6121313,0.1570129
0.9880486,0.2766912,0.2601142,0.9880486,17.42467,0.2601142,-0.2797289,0.5320699,-0.5155299,0.6106411,0.1570129
0.9949722,0.2725174,0.2462441,0.9949722,17.4205,0.2462441,-0.2847043,0.5460145,-0.4997383,0.6091577,0.1570129
1.002338,0.2687783,0.2321167,1.002338,17.41676,0.2321167,-0.2892043,0.5605368,-0.485201,0.6055901,0.1570129
1.016225,0.2617953,0.2027035,1.016225,17.40977,0.2027035,-0.2978919,0.5938097,-0.452857,0.5946186,0.1570129
1.016225,0.2617953,0.2027035,1.016225,17.40977,0.2027035,-0.2978919,0.5938097,-0.452857,0.5946186,0.1570129
1.022757,0.2584765,0.1873221,1.022757,17.40646,0.1873221,-0.3028689,0.6089614,-0.4369546,0.5886486,0.1570129
1.028557,0.2563715,0.1720989,1.028557,17.40435,0.1720989,-0.3077723,0.6264346,-0.4191016,0.5806977,0.1570129
1.038813,0.2515428,0.1416545,1.038813,17.39952,0.1416545,-0.3166912,0.6551341,-0.3856781,0.5672376,0.1570129
1.044502,0.2493813,0.1268795,1.044502,17.39736,0.1268795,-0.3200362,0.6687542,-0.3691274,0.5604369,0.1570129
1.049364,0.2468264,0.1106229,1.049364,17.39481,0.1106229,-0.3235624,0.6825927,-0.3510119,0.553322,0.1570129
1.049364,0.2468264,0.1106229,1.049364,17.39481,0.1106229,-0.3235624,0.6825927,-0.3510119,0.553322,0.1570129
1.052113,0.2459021,0.09477687,1.052113,17.39388,0.09477687,-0.3257089,0.6924695,-0.335754,0.549244,0.1570129
1.055757,0.2449055,0.08019066,1.055757,17.39289,0.08019066,-0.3267988,0.7021677,-0.3204747,0.5453981,0.1570129
1.055757,0.2449055,0.08019066,1.055757,17.39289,0.08019066,-0.3267988,0.7021677,-0.3204747,0.5453981,0.1570129
1.060253,0.2427204,0.05057263,1.060253,17.3907,0.05057263,-0.3268516,0.7187579,-0.2920726,0.5396748,0.1570129
1.063616,0.2417827,0.03344059,1.063616,17.38976,0.03344059,-0.3265833,0.7292308,-0.2749843,0.5347424,0.1570129
1.064238,0.2416224,0.02169943,1.064238,17.3896,0.02169943,-0.3244309,0.7358317,-0.2644985,0.5322939,0.1570129
1.065198,0.2418349,0.007813692,1.065198,17.38981,0.007813692,-0.3221985,0.7431425,-0.2519338,0.5295818,0.1570129
1.06591,0.2422516,-0.006094456,1.06591,17.39023,-0.006094456,-0.3204524,0.7514718,-0.2389125,0.5249012,0.1570129
1.066016,0.2425919,-0.02001429,1.066016,17.39057,-0.02001429,-0.3178179,0.7601074,-0.2265904,0.5195049,0.1570129
1.065722,0.243165,-0.03274322,1.065722,17.39114,-0.03274322,-0.3150002,0.7679782,-0.2163267,0.5139914,0.1570129
1.06588,0.2434897,-0.04541516,1.06588,17.39147,-0.04541516,-0.3130825,0.7757558,-0.2058354,0.507754,0.1570129
1.065134,0.2442951,-0.05708694,1.065134,17.39227,-0.05708694,-0.3096108,0.7829987,-0.1978472,0.5019071,0.1570129
1.064241,0.2453029,-0.06808376,1.064241,17.39328,-0.06808376,-0.3063019,0.7884515,-0.192211,0.4975725,0.1570129
1.062742,0.2458701,-0.07813454,1.062742,17.39385,-0.07813454,-0.3036745,0.7929289,-0.184588,0.4949473,0.1570129
1.059255,0.2468121,-0.09645152,1.059255,17.39479,-0.09645152,-0.2964733,0.8013939,-0.1793497,0.4875501,0.1570129
1.059255,0.2468121,-0.09645152,1.059255,17.39479,-0.09645152,-0.2964733,0.8013939,-0.1793497,0.4875501,0.1570129
1.05825,0.247221,-0.1063907,1.05825,17.3952,-0.1063907,-0.2931358,0.8061135,-0.1743136,0.4835981,0.1570129
1.056503,0.247685,-0.1134987,1.056503,17.39566,-0.1134987,-0.29006,0.8056659,-0.1750919,0.4859121,0.1570129
1.055252,0.2480266,-0.120599,1.055252,17.39601,-0.120599,-0.2889706,0.8042603,-0.173236,0.4895412,0.1570129
1.053999,0.2483466,-0.1277626,1.053999,17.39633,-0.1277626,-0.2872459,0.8036535,-0.1714,0.492192,0.1570129
1.050234,0.2473373,-0.1400619,1.050234,17.39532,-0.1400619,-0.2835941,0.8052562,-0.1727555,0.4912151,0.1570129
1.048261,0.2467535,-0.1466115,1.048261,17.39473,-0.1466115,-0.2829639,0.8088968,-0.172106,0.4857952,0.1570129
1.045752,0.2460034,-0.1523423,1.045752,17.39096,-0.1523423,-0.286001,0.8135036,-0.1694442,0.4771836,0.1570129
1.043088,0.2451069,-0.1579881,1.043088,17.38538,-0.1579881,-0.2903747,0.8185744,-0.1653228,0.4672119,0.1570129
1.043088,0.2451069,-0.1579881,1.043088,17.37949,-0.1579881,-0.2903747,0.8185744,-0.1653228,0.4672119,0.1570129
1.03772,0.2427392,-0.1670461,1.03772,17.36884,-0.1670461,-0.2965495,0.8305169,-0.1613755,0.4430103,0.1570129
1.03772,0.2427392,-0.1670461,1.03772,17.35934,-0.1670461,-0.2965495,0.8305169,-0.1613755,0.4430103,0.1570129
1.03239,0.2403238,-0.1746809,1.03239,17.34502,-0.1746809,-0.300314,0.8373021,-0.1617956,0.427269,0.1570129
1.03239,0.2403238,-0.1746809,1.03239,17.3319,-0.1746809,-0.300314,0.8373021,-0.1617956,0.427269,0.1570129
1.030144,0.2385705,-0.1768832,1.030144,17.31493,-0.1768832,-0.3077632,0.8402377,-0.1598233,0.41682,0.1570129
1.027879,0.2364421,-0.178328,1.027879,17.29532,-0.178328,-0.3113933,0.8446783,-0.1622209,0.4040262,0.1570129
1.02555,0.2345665,-0.1800082,1.02555,17.27382,-0.1800082,-0.3158293,0.8481525,-0.1651393,0.3919417,0.1570129
1.02137,0.2301242,-0.1794777,1.02137,17.26937,-0.1794777,-0.328138,0.8518782,-0.1702263,0.3710147,0.1570129
1.020227,0.2285848,-0.1799517,1.020227,17.26783,-0.1799517,-0.330664,0.8519193,-0.1741755,0.3668213,0.1570129
1.01902,0.2280509,-0.182271,1.01902,17.2673,-0.182271,-0.3294622,0.849126,-0.1783605,0.3723269,0.1570129
1.01902,0.2280509,-0.182271,1.01902,17.2673,-0.182271,-0.3294622,0.849126,-0.1783605,0.3723269,0.1570129
1.017159,0.2276745,-0.186594,1.017159,17.26692,-0.186594,-0.3282333,0.8496662,-0.179362,0.3716981,0.1570129
1.015867,0.227483,-0.1904941,1.015867,17.26673,-0.1904941,-0.3302826,0.8516003,-0.1811008,0.3645447,0.1570129
1.016494,0.2275281,-0.1919608,1.016494,17.26678,-0.1919608,-0.3386057,0.8555111,-0.1801669,0.3478316,0.1570129
1.017736,0.2273209,-0.1922932,1.017736,17.26657,-0.1922932,-0.3430464,0.8565911,-0.183617,0.3389036,0.1570129
1.019485,0.2277644,-0.1916716,1.019485,17.26701,-0.1916716,-0.3398356,0.8478801,-0.1983011,0.35537,0.1570129
1.019485,0.2277644,-0.1916716,1.019485,17.26701,-0.1916716,-0.3398356,0.8478801,-0.1983011,0.35537,0.1570129
1.021943,0.2278254,-0.1934311,1.021943,17.26707,-0.1934311,-0.3370164,0.8358604,-0.2101101,0.3789604,0.1570129
1.021943,0.2278254,-0.1934311,1.021943,17.26707,-0.1934311,-0.3370164,0.8358604,-0.2101101,0.3789604,0.1570129
1.022882,0.2271645,-0.1943657,1.022882,17.26641,-0.1943657,-0.3355535,0.8373855,-0.2152613,0.373968,0.1570129
1.023515,0.2253721,-0.1950037,1.023515,17.26462,-0.1950037,-0.3330389,0.8392416,-0.2206244,0.368895,0.1570129
1.024494,0.2249186,-0.1953616,1.024494,17.26417,-0.1953616,-0.3315452,0.8396801,-0.2229682,0.3678318,0.1570129
1.024586,0.2244051,-0.1949213,1.024586,17.26365,-0.1949213,-0.3293389,0.8417134,-0.2224894,0.3654489,0.1570129
1.024755,0.2239878,-0.1951303,1.024755,17.26324,-0.1951303,-0.3284134,0.8422508,-0.2236225,0.3643505,0.1570129
1.02595,0.223841,-0.1952894,1.02595,17.26309,-0.1952894,-0.3266547,0.843267,-0.2236928,0.3635369,0.1570129
1.026334,0.2234273,-0.1954391,1.026334,17.26268,-0.1954391,-0.3257388,0.8438976,-0.2245653,0.3623554,0.1570129
1.026131,0.2227943,-0.1959844,1.026131,17.26204,-0.1959844,-0.3248327,0.8444818,-0.2254685,0.3612452,0.1570129
1.027217,0.2225354,-0.1967225,1.027217,17.26179,-0.1967225,-0.3243998,0.8455783,-0.2265495,0.3583818,0.1570129
1.02722,0.2221322,-0.1974196,1.02722,17.26138,-0.1974196,-0.3245903,0.8471302,-0.2268559,0.3543275,0.1570129
1.027157,0.2214589,-0.1982234,1.027157,17.26071,-0.1982234,-0.3256141,0.8484101,-0.2270294,0.3501904,0.1570129
1.027776,0.2209928,-0.1989734,1.027776,17.26024,-0.1989734,-0.3259671,0.8500861,-0.2272843,0.3456024,0.1570129
1.027981,0.2203598,-0.1995072,1.027981,17.25961,-0.1995072,-0.32604,0.8514693,-0.2285145,0.3412902,0.1570129
1.027981,0.2203598,-0.1995072,1.027981,17.25961,-0.1995072,-0.32604,0.8514693,-0.2285145,0.3412902,0.1570129
1.028113,0.2193496,-0.200047,1.028113,17.2586,-0.200047,-0.325321,0.8520457,-0.2305558,0.3391585,0.1570129
1.028272,0.2180846,-0.2012298,1.028272,17.25733,-0.2012298,-0.3247057,0.852057,-0.2345084,0.3370028,0.1570129
1.027385,0.2170017,-0.2016735,1.027385,17.25625,-0.2016735,-0.3254218,0.8521066,-0.2369936,0.3344386,0.1570129
1.027068,0.2164137,-0.2022905,1.027068,17.25566,-0.2022905,-0.3263318,0.8525254,-0.2385777,0.3313439,0.1570129
1.026777,0.215977,-0.2029498,1.026777,17.25523,-0.2029498,-0.3273143,0.8528893,-0.2400549,0.3283579,0.1570129
1.025955,0.215405,-0.2035425,1.025955,17.25465,-0.2035425,-0.3290869,0.8522322,-0.2418106,0.3270012,0.1570129
1.026276,0.2152386,-0.204165,1.026276,17.25449,-0.204165,-0.3306456,0.8514928,-0.2434547,0.326134,0.1570129
1.026049,0.21492,-0.2045441,1.026049,17.25417,-0.2045441,-0.331339,0.8504297,-0.2462441,0.3261097,0.1570129
1.025404,0.2142024,-0.2050564,1.025404,17.25345,-0.2050564,-0.3322847,0.8497659,-0.2486432,0.325056,0.1570129
1.02512,0.2140126,-0.2055681,1.02512,17.25326,-0.2055681,-0.3332599,0.8496493,-0.2500903,0.3232474,0.1570129
1.024797,0.2138178,-0.2059302,1.024797,17.25307,-0.2059302,-0.3344857,0.8500285,-0.2507998,0.3204223,0.1570129
1.024181,0.2132115,-0.2063684,1.024181,17.25246,-0.2063684,-0.3355296,0.8501984,-0.2513698,0.3184271,0.1570129
1.024425,0.21312,-0.2066777,1.024425,17.25237,-0.2066777,-0.3359254,0.8505233,-0.2517471,0.3168402,0.1570129
1.024204,0.2128572,-0.2067728,1.024204,17.25211,-0.2067728,-0.33652,0.8509079,-0.2518149,0.315118,0.1570129
1.023539,0.2123356,-0.2074418,1.023539,17.25159,-0.2074418,-0.3368363,0.8510171,-0.2527305,0.3137493,0.1570129
1.023334,0.2122357,-0.2076256,1.023334,17.25149,-0.2076256,-0.3372618,0.8514451,-0.2525707,0.3122559,0.1570129
1.023226,0.2120206,-0.2078111,1.023226,17.25127,-0.2078111,-0.337404,0.8516945,-0.2530179,0.3110577,0.1570129
1.022847,0.2116151,-0.208148,1.022847,17.25086,-0.208148,-0.3377128,0.8517013,-0.2537378,0.3101164,0.1570129
1.022908,0.2113163,-0.208271,1.022908,17.25057,-0.208271,-0.3374809,0.85141,-0.2546427,0.3104268,0.1570129
1.022866,0.210994,-0.2084203,1.022866,17.25024,-0.2084203,-0.3373396,0.8512331,-0.2559744,0.3099699,0.1570129
1.02243,0.2103209,-0.2086489,1.02243,17.24957,-0.2086489,-0.3372149,0.8511185,-0.2573681,0.3092656,0.1570129
1.0225,0.2101994,-0.20892,1.0225,17.24945,-0.20892,-0.3374046,0.8512147,-0.2580677,0.3082089,0.1570129
1.0225,0.2101994,-0.20892,1.0225,17.24945,-0.20892,-0.3374046,0.8512147,-0.2580677,0.3082089,0.1570129
1.0225,0.2101994,-0.20892,1.0225,17.24945,-0.20892,-0.3374046,0.8512147,-0.2580677,0.3082089,0.1570129
1.02187,0.2093019,-0.2096789,1.02187,17.24855,-0.2096789,-0.3381328,0.8494855,-0.2620223,0.3088446,0.1570129
1.021806,0.2091258,-0.2098198,1.021806,17.24837,-0.2098198,-0.3383107,0.8487903,-0.2631851,0.3095716,0.1570129
1.021573,0.2086234,-0.2100241,1.021573,17.24787,-0.2100241,-0.3385825,0.8484818,-0.2645056,0.308994,0.1570129
1.021342,0.2085538,-0.2102442,1.021342,17.2478,-0.2102442,-0.3391003,0.8483895,-0.2655116,0.3078147,0.1570129
1.021003,0.2082329,-0.2105408,1.021003,17.24748,-0.2105408,-0.3400956,0.848812,-0.2657945,0.3052974,0.1570129
1.020926,0.2079775,-0.2105529,1.020926,17.24723,-0.2105529,-0.3406233,0.8485993,-0.266026,0.3050985,0.1570129
1.02105,0.2079082,-0.2107821,1.02105,17.24716,-0.2107821,-0.3409571,0.8483403,-0.2670147,0.3045819,0.1570129
1.020968,0.2074051,-0.2112024,1.020968,17.24665,-0.2112024,-0.3407753,0.8471516,-0.2708331,0.3047223,0.1570129
1.021057,0.2074962,-0.2115316,1.021057,17.24675,-0.2115316,-0.3412886,0.846912,-0.2716121,0.3041201,0.1570129
1.021048,0.2072828,-0.2118101,1.021048,17.24653,-0.2118101,-0.3418543,0.8466885,-0.2726406,0.3031853,0.1570129
1.020932,0.2071104,-0.212049,1.020932,17.24636,-0.212049,-0.342376,0.8459077,-0.2739293,0.3036142,0.1570129
1.021443,0.2075367,-0.2125556,1.021443,17.24679,-0.2125556,-0.3427653,0.8449147,-0.275789,0.3042556,0.1570129
1.021405,0.2073879,-0.2131763,1.021405,17.24664,-0.2131763,-0.3437271,0.843547,-0.2785921,0.3044121,0.1570129
1.021281,0.2072315,-0.2137752,1.021281,17.24648,-0.2137752,-0.3451248,0.8425756,-0.2806546,0.3036251,0.1570129
1.021662,0.2076859,-0.2144165,1.021662,17.24693,-0.2144165,-0.3464649,0.8414574,-0.2825911,0.3034036,0.1570129
1.021386,0.2076364,-0.2149916,1.021386,17.24689,-0.2149916,-0.3479812,0.8398496,-0.2851451,0.3037334,0.1570129
1.021386,0.2076364,-0.2149916,1.021386,17.24689,-0.2149916,-0.3479812,0.8398496,-0.2851451,0.3037334,0.1570129
1.02121,0.2076073,-0.2156539,1.02121,17.24686,-0.2156539,-0.3497357,0.8376774,-0.2878943,0.3051206,0.1570129
1.021017,0.2083135,-0.2175531,1.021017,17.24756,-0.2175531,-0.3538182,0.8337006,-0.2935328,0.3059323,0.1570129
1.020739,0.2082219,-0.2181942,1.020739,17.24747,-0.2181942,-0.3556679,0.8326621,-0.2955182,0.3047017,0.1570129
1.021403,0.2087929,-0.219548,1.021403,17.24804,-0.219548,-0.358425,0.8311978,-0.2983888,0.3026647,0.1570129
1.021014,0.2088139,-0.2203298,1.021014,17.24806,-0.2203298,-0.3611087,0.8298754,-0.3000027,0.3015057,0.1570129
1.020174,0.209039,-0.2210352,1.020174,17.24829,-0.2210352,-0.3636033,0.8275543,-0.3029893,0.3019009,0.1570129
1.020288,0.2098672,-0.2217503,1.020288,17.24912,-0.2217503,-0.3658644,0.8254995,-0.3054748,0.3022896,0.1570129
1.019694,0.2101724,-0.2226002,1.019694,17.24942,-0.2226002,-0.3690408,0.8223429,-0.3085965,0.3038575,0.1570129
1.019122,0.2105763,-0.2235181,1.019122,17.24983,-0.2235181,-0.3720704,0.8191536,-0.3122538,0.3050386,0.1570129
1.018963,0.2115381,-0.2247164,1.018963,17.25079,-0.2247164,-0.3744825,0.8168197,-0.3151959,0.3053195,0.1570129
1.018085,0.212357,-0.2260597,1.018085,17.25161,-0.2260597,-0.3780197,0.8141573,-0.3183888,0.3047582,0.1570129
1.01776,0.2132659,-0.2275617,1.01776,17.25252,-0.2275617,-0.3825701,0.8114542,-0.3207772,0.3037833,0.1570129
1.01844,0.2150605,-0.2290678,1.01844,17.25431,-0.2290678,-0.3859829,0.8085833,-0.3236449,0.3040794,0.1570129
1.01844,0.2150605,-0.2290678,1.01844,17.25431,-0.2290678,-0.3859829,0.8085833,-0.3236449,0.3040794,0.1570129
1.017954,0.2161064,-0.2307212,1.017954,17.25536,-0.2307212,-0.3897154,0.8054011,-0.3270567,0.3041131,0.1570129
1.016965,0.2177727,-0.2334654,1.016965,17.25702,-0.2334654,-0.394449,0.8008319,-0.3322888,0.3044051,0.1570129
1.017266,0.2200108,-0.2359412,1.017266,17.25926,-0.2359412,-0.3973283,0.7972603,-0.3371643,0.3046743,0.1570129
1.015919,0.2249947,-0.2437632,1.015919,17.26424,-0.2437632,-0.4098768,0.7857556,-0.3504203,0.3029764,0.1570129
1.015745,0.2276697,-0.2475214,1.015745,17.26692,-0.2475214,-0.4138453,0.7804493,-0.3566232,0.3040573,0.1570129
1.014975,0.2308359,-0.2526007,1.014975,17.27008,-0.2526007,-0.4189798,0.7720566,-0.3657762,0.3075587,0.1570129
1.014975,0.2308359,-0.2526007,1.014975,17.27008,-0.2526007,-0.4189798,0.7720566,-0.3657762,0.3075587,0.1570129
1.014975,0.2308359,-0.2526007,1.014975,17.27008,-0.2526007,-0.4189798,0.7720566,-0.3657762,0.3075587,0.1570129
1.013602,0.238318,-0.2657938,1.013602,17.27757,-0.2657938,-0.4361544,0.7533104,-0.3828138,0.3094291,0.1570129
1.011478,0.2464819,-0.2821,1.011478,17.28573,-0.2821,-0.4521621,0.7393374,-0.4010474,0.2968005,0.1570129
1.010092,0.2501049,-0.2904074,1.010092,17.28935,-0.2904074,-0.4620002,0.7332558,-0.4055677,0.2905281,0.1570129
1.008032,0.2547364,-0.3008065,1.008032,17.29165,-0.3008065,-0.4753582,0.7358726,-0.4023965,0.2657125,0.1570129
1.006521,0.2586689,-0.3074694,1.006521,17.29558,-0.3074694,-0.4821479,0.7359669,-0.4031611,0.251689,0.1570129
1.006521,0.2586689,-0.3074694,1.006521,17.29558,-0.3074694,-0.4821479,0.7359669,-0.4031611,0.251689,0.1570129
1.004124,0.2673793,-0.3247297,1.004124,17.41536,-0.3247297,-0.4958142,0.7357872,-0.4013716,0.2273465,0.1570129
1.000652,0.2715912,-0.3325276,1.000652,17.41957,-0.3325276,-0.5037804,0.7373112,-0.3984208,0.2093762,0.1570129
1.000019,0.2751827,-0.3422813,1.000019,17.42316,-0.3422813,-0.5131282,0.7392917,-0.3900471,0.194963,0.1570129
0.999444,0.2781107,-0.351639,0.999444,17.42609,-0.351639,-0.5210751,0.7394335,-0.3803869,0.1924184,0.1570129
1.0001,0.2810781,-0.362453,1.0001,17.42906,-0.362453,-0.523798,0.7366032,-0.374227,0.2073783,0.1570129
0.9985702,0.2820179,-0.3728681,0.9985702,17.43,-0.3728681,-0.5273609,0.7332689,-0.3697561,0.2179166,0.1570129
0.9962549,0.2793565,-0.3856838,0.9962549,17.42734,-0.3856838,-0.524112,0.7413372,-0.3542292,0.2241595,0.1570129
0.9951849,0.2775524,-0.3988547,0.9951849,17.42553,-0.3988547,-0.521482,0.7469734,-0.3438564,0.2277063,0.1570129
0.9917753,0.2768457,-0.4098635,0.9917753,17.42483,-0.4098635,-0.5225055,0.7506809,-0.3346421,0.2268941,0.1570129
0.9894433,0.2729437,-0.4236233,0.9894433,17.42092,-0.4236233,-0.5196229,0.7637094,-0.3151286,0.2177934,0.1570129
0.9873376,0.2693853,-0.4378572,0.9873376,17.41736,-0.4378572,-0.5188329,0.7739728,-0.2927303,0.2146802,0.1570129
0.9829731,0.2645001,-0.452136,0.9829731,17.41248,-0.452136,-0.51613,0.7855015,-0.2707489,0.2080681,0.1570129
0.9792936,0.2593987,-0.4671395,0.9792936,17.40738,-0.4671395,-0.5120996,0.7980357,-0.2494002,0.196704,0.1570129
0.9792936,0.2593987,-0.4671395,0.9792936,17.40738,-0.4671395,-0.5120996,0.7980357,-0.2494002,0.196704,0.1570129
0.9751453,0.2546046,-0.4819307,0.9751453,17.40258,-0.4819307,-0.5077765,0.8112459,-0.2264267,0.1810365,0.1570129
0.9698317,0.2500296,-0.4964495,0.9698317,17.39801,-0.4964495,-0.5040552,0.8224987,-0.2038295,0.1669665,0.1570129
0.9577181,0.2410007,-0.5287597,0.9577181,17.38898,-0.5287597,-0.4925987,0.8484126,-0.1475064,0.125636,0.1570129
0.9536154,0.2377062,-0.5435698,0.9536154,17.37835,-0.5435698,-0.4874848,0.8571379,-0.1245779,0.110244,0.1570129
0.9464555,0.2343438,-0.5584648,0.9464555,17.36476,-0.5584648,-0.4801487,0.8672739,-0.0987754,0.08681397,0.1570129
0.9412322,0.2333922,-0.5731812,0.9412322,17.35189,-0.5731812,-0.4727944,0.876021,-0.07372098,0.06014859,0.1570129
0.9390011,0.2378495,-0.5865593,0.9390011,17.34546,-0.5865593,-0.4651145,0.8834637,-0.04791365,0.02940577,0.1570129
0.9309549,0.2357535,-0.5996861,0.9309549,17.33021,-0.5996861,-0.4580328,0.8886619,-0.02204713,0,0.1570129
0.9226975,0.2348628,-0.6112711,0.9226975,17.31451,-0.6112711,0.4507059,-0.892027,-0.003378504,0.03377225,0.1570129
0.9146564,0.2355807,-0.620419,0.9146564,17.29957,-0.620419,0.4441564,-0.8928986,-0.0272236,0.06867364,0.1570129
0.9053941,0.2360275,-0.6279895,0.9053941,17.28337,-0.6279895,0.4391653,-0.8910723,-0.05010641,0.1030211,0.1570129
0.8970668,0.2363124,-0.6355925,0.8970668,17.28365,-0.6355925,0.4333989,-0.8874547,-0.073208,0.1386732,0.1570129
0.8970668,0.2363124,-0.6355925,0.8970668,17.28365,-0.6355925,0.4333989,-0.8874547,-0.073208,0.1386732,0.1570129
0.8856776,0.2380154,-0.6414297,0.8856776,17.28536,-0.6414297,0.4276295,-0.8774359,-0.1011992,0.192349,0.1570129
0.8856776,0.2380154,-0.6414297,0.8856776,17.28536,-0.6414297,0.4276295,-0.8774359,-0.1011992,0.192349,0.1570129
0.8813734,0.2370694,-0.6440876,0.8813734,17.28441,-0.6440876,0.4212252,-0.8763344,-0.1114348,0.2054011,0.1570129
0.8782182,0.2359023,-0.6445618,0.8782182,17.28324,-0.6445618,0.4187686,-0.8772916,-0.1074865,0.2084205,0.1570129
0.8822787,0.2332876,-0.6398122,0.8822787,17.28063,-0.6398122,0.4175565,-0.8816859,-0.08012501,0.2045889,0.1570129
0.8884542,0.2308521,-0.640837,0.8884542,17.27819,-0.640837,0.4200339,-0.8900157,-0.05085514,0.1698745,0.1570129
0.9021976,0.2291365,-0.6367857,0.9021976,17.27648,-0.6367857,0.42467,-0.8937569,-0.0251829,0.1421965,0.1570129
0.9073496,0.229717,-0.6370313,0.9073496,17.27706,-0.6370313,0.4347751,-0.8949291,-0.0009611826,0.1003574,0.1570129
0.9099159,0.2300491,-0.6386311,0.9099159,17.27739,-0.6386311,0.4312076,-0.9013442,0.03126931,0.02570703,0.1570129
0.9073873,0.2296009,-0.6401482,0.9073873,17.27694,-0.6401482,0.4231252,-0.9049981,0.04369401,0.005861918,0.1570129
0.9044487,0.2292588,-0.6406269,0.9044487,17.2766,-0.6406269,0.4210121,-0.9057893,0.04464704,0.01735546,0.1570129
0.900918,0.2288883,-0.6399956,0.900918,17.27623,-0.6399956,0.4287396,-0.9005006,0.02924979,0.06652451,0.1570129
0.8959956,0.2285397,-0.6404769,0.8959956,17.27588,-0.6404769,0.4304308,-0.8958184,0.01188165,0.1099895,0.1570129
0.8949289,0.2270749,-0.6409605,0.8949289,17.27442,-0.6409605,0.4302222,-0.8926319,-0.001529537,0.1345915,0.1570129
0.8943908,0.2269115,-0.6421535,0.8943908,17.27425,-0.6421535,0.4280628,-0.8903998,-0.01634785,0.1538935,0.1570129
0.8943908,0.2269115,-0.6421535,0.8943908,17.27425,-0.6421535,0.4280628,-0.8903998,-0.01634785,0.1538935,0.1570129
0.8990369,0.2256064,-0.644886,0.8990369,17.27295,-0.644886,0.4238769,-0.8938625,-0.000211432,0.1460759,0.1570129
0.9016812,0.2256136,-0.6460567,0.9016812,17.27295,-0.6460567,0.4215015,-0.8972966,0.01037598,0.1307199,0.1570129
0.9038587,0.22562,-0.6465154,0.9038587,17.27296,-0.6465154,0.4210712,-0.9000775,0.01872178,0.1104947,0.1570129
0.9034476,0.2255349,-0.6469707,0.9034476,17.27287,-0.6469707,0.4202507,-0.899928,0.02106058,0.1143476,0.1570129
0.9031219,0.2251687,-0.6471236,0.9031219,17.27251,-0.6471236,0.4193637,-0.899537,0.01916893,0.1208299,0.1570129
0.9031219,0.2251687,-0.6471236,0.9031219,17.27251,-0.6471236,0.4193637,-0.899537,0.01916893,0.1208299,0.1570129
0.9013226,0.2246368,-0.6465144,0.9013226,17.27198,-0.6465144,0.4183617,-0.8979022,0.01217219,0.1363707,0.1570129
0.9019601,0.2246046,-0.6479511,0.9019601,17.27195,-0.6479511,0.4167078,-0.8980477,0.01337548,0.1403071,0.1570129
0.9032817,0.22489,-0.6492076,0.9032817,17.27223,-0.6492076,0.4165771,-0.8992832,0.0196753,0.1317804,0.1570129
0.9039485,0.2247462,-0.6501465,0.9039485,17.20985,-0.6501465,0.4170462,-0.8997262,0.02447776,0.1263572,0.1448898
0.9039485,0.2247462,-0.6501465,0.9039485,17.20985,-0.6501465,0.4170462,-0.8997262,0.02447776,0.1263572,0.1448898
0.9026117,0.2243695,-0.6506693,0.9026117,17.20947,-0.6506693,0.4201738,-0.897962,0.02820062,0.127761,0.1448898
0.9011974,0.2242639,-0.6505513,0.9011974,17.20936,-0.6505513,0.4211881,-0.8956891,0.02432203,0.1405348,0.1448898
0.9011974,0.2242639,-0.6505513,0.9011974,17.20936,-0.6505513,0.4211881,-0.8956891,0.02432203,0.1405348,0.1448898
0.90046,0.2241321,-0.6504171,0.90046,17.20923,-0.6504171,0.4217068,-0.8944787,0.02202312,0.1469229,0.1448898
0.8995137,0.2235153,-0.6502545,0.8995137,17.20861,-0.6502545,0.4222911,-0.8935628,0.02063927,0.150963,0.1448898
0.8996005,0.223079,-0.6505232,0.8996005,17.20818,-0.6505232,0.4227006,-0.8930864,0.02211259,0.1524203,0.1448898
0.8996005,0.223079,-0.6505232,0.8996005,17.20818,-0.6505232,0.4227006,-0.8930864,0.02211259,0.1524203,0.1448898
0.8995566,0.2226627,-0.6512408,0.8995566,17.20776,-0.6512408,0.4236888,-0.8927163,0.02485383,0.151419,0.1448898
0.8994172,0.2225902,-0.6514816,0.8994172,17.20769,-0.6514816,0.4242966,-0.8924072,0.02539561,0.1514493,0.1448898
0.8988657,0.222544,-0.6518433,0.8988657,17.20764,-0.6518433,0.4252524,-0.8913989,0.02636917,0.1545089,0.1448898
0.8982606,0.2226555,-0.6517673,0.8982606,17.20776,-0.6517673,0.4258974,-0.8908811,0.0267799,0.155644,0.1448898
0.8982606,0.2226555,-0.6517673,0.8982606,17.20776,-0.6517673,0.4258974,-0.8908811,0.0267799,0.155644,0.1448898
0.8976908,0.222333,-0.6519811,0.8976908,17.20743,-0.6519811,0.4270463,-0.8901994,0.02802065,0.1561774,0.1448898
0.8976908,0.222333,-0.6519811,0.8976908,17.20743,-0.6519811,0.4270463,-0.8901994,0.02802065,0.1561774,0.1448898
0.8971114,0.2221093,-0.6521723,0.8971114,17.20721,-0.6521723,0.4282972,-0.8893217,0.02850492,0.1576573,0.1448898
0.8965924,0.2217782,-0.6522601,0.8965924,17.20688,-0.6522601,0.4287278,-0.8887271,0.02846595,0.1598319,0.1448898
0.8965924,0.2217782,-0.6522601,0.8965924,17.20688,-0.6522601,0.4287278,-0.8887271,0.02846595,0.1598319,0.1448898
0.8962445,0.2215908,-0.6519179,0.8962445,17.20669,-0.6519179,0.4292114,-0.888052,0.02772958,0.1623954,0.1448898
0.8957868,0.2213757,-0.6521668,0.8957868,17.20648,-0.6521668,0.4296558,-0.8874974,0.02728784,0.1643157,0.1448898
0.895812,0.2212851,-0.6521299,0.895812,17.20638,-0.6521299,0.4297866,-0.8875012,0.02747748,0.163921,0.1448898
0.8956335,0.2214508,-0.6520705,0.8956335,17.20655,-0.6520705,0.430071,-0.8876764,0.02846176,0.1620478,0.1448898
0.8958409,0.2216117,-0.6519797,0.8958409,17.20671,-0.6519797,0.4303539,-0.8878746,0.0298339,0.1599506,0.1448898
0.8958409,0.2216117,-0.6519797,0.8958409,17.20671,-0.6519797,0.4303539,-0.8878746,0.0298339,0.1599506,0.1448898
0.8958082,0.2216074,-0.6519964,0.8958082,17.20671,-0.6519964,0.4304542,-0.8878399,0.02997466,0.1598471,0.1448898
0.8957834,0.22156,-0.6521204,0.8957834,17.20666,-0.6521204,0.430476,-0.8877481,0.02999479,0.160294,0.1448898
0.8957844,0.2214773,-0.652009,0.8957844,17.20658,-0.652009,0.4305094,-0.8876988,0.03027811,0.1604235,0.1448898
0.8954306,0.2212694,-0.6520462,0.8954306,17.20637,-0.6520462,0.4307185,-0.8871809,0.03018372,0.162729,0.1448898
0.8954306,0.2212694,-0.6520462,0.8954306,17.20637,-0.6520462,0.4307185,-0.8871809,0.03018372,0.162729,0.1448898
0.8952587,0.2212577,-0.6519783,0.8952587,17.20636,-0.6519783,0.4309618,-0.8869811,0.03001441,0.1632042,0.1448898
0.8948662,0.2213328,-0.6516168,0.8948662,17.20643,-0.6516168,0.4318963,-0.8863947,0.02924062,0.1640578,0.1448898
0.8948662,0.2213328,-0.6516168,0.8948662,17.20643,-0.6516168,0.4318963,-0.8863947,0.02924062,0.1640578,0.1448898
0.8948781,0.2216318,-0.6516469,0.8948781,17.20673,-0.6516469,0.4325477,-0.8861309,0.02884323,0.1638372,0.1448898
0.8946462,0.2217126,-0.6515703,0.8946462,17.20681,-0.6515703,0.4329672,-0.8859547,0.02873505,0.1637014,0.1448898
0.8943009,0.2215769,-0.6515751,0.8943009,17.20668,-0.6515751,0.433524,-0.8856685,0.02877029,0.16377,0.1448898
0.8939924,0.2216082,-0.6514955,0.8939924,17.20671,-0.6514955,0.4342297,-0.8853211,0.02869743,0.1637914,0.1448898
0.8937118,0.2217026,-0.6508601,0.8937118,17.2068,-0.6508601,0.4350839,-0.884639,0.02713615,0.1654678,0.1448898
0.8937118,0.2217026,-0.6508601,0.8937118,17.2068,-0.6508601,0.4350839,-0.884639,0.02713615,0.1654678,0.1448898
0.8935847,0.2216985,-0.6502528,0.8935847,17.2068,-0.6502528,0.4359826,-0.8841792,0.02619198,0.1657113,0.1448898
0.8935847,0.2216985,-0.6502528,0.8935847,17.2068,-0.6502528,0.4359826,-0.8841792,0.02619198,0.1657113,0.1448898
0.8935368,0.2217948,-0.6501379,0.8935368,17.20689,-0.6501379,0.4361715,-0.8841928,0.02580568,0.1652019,0.1448898
0.8934736,0.2215743,-0.6498086,0.8934736,17.20667,-0.6498086,0.4367223,-0.8842343,0.02491521,0.1636539,0.1448898
0.8934736,0.2215743,-0.6498086,0.8934736,17.20667,-0.6498086,0.4367223,-0.8842343,0.02491521,0.1636539,0.1448898
0.8935461,0.2217124,-0.6493762,0.8935461,17.20681,-0.6493762,0.4369635,-0.8840854,0.02426099,0.1639126,0.1448898
0.8935461,0.2217124,-0.6493762,0.8935461,17.20681,-0.6493762,0.4369635,-0.8840854,0.02426099,0.1639126,0.1448898
0.8934216,0.2218263,-0.6490431,0.8934216,17.20693,-0.6490431,0.437067,-0.8840821,0.0235447,0.163759,0.1448898
0.8933752,0.221808,-0.648818,0.8933752,17.20691,-0.648818,0.4373389,-0.8840032,0.02295214,0.1635426,0.1448898
0.8933752,0.221808,-0.648818,0.8933752,17.20691,-0.648818,0.4373389,-0.8840032,0.02295214,0.1635426,0.1448898
0.8930926,0.2214651,-0.6479881,0.8930926,17.20657,-0.6479881,0.4385621,-0.8835201,0.02140795,0.1630867,0.1448898
0.8928831,0.22158,-0.6478138,0.8928831,17.20668,-0.6478138,0.439196,-0.8833065,0.02064613,0.1626355,0.1448898
0.8927307,0.2216399,-0.6475351,0.8927307,17.20674,-0.6475351,0.44014,-0.8829085,0.01991094,0.1623355,0.1448898
0.8925154,0.2217422,-0.6472325,0.8925154,17.20684,-0.6472325,0.4412833,-0.8826992,0.01962183,0.1603939,0.1448898
0.892314,0.2217894,-0.6469362,0.892314,17.20689,-0.6469362,0.4418917,-0.8825331,0.01874644,0.1597365,0.1448898
0.8921382,0.2219782,-0.6465025,0.8921382,17.20708,-0.6465025,0.4427069,-0.8821158,0.0179298,0.1598777,0.1448898
0.8916106,0.2224503,-0.6458452,0.8916106,17.20755,-0.6458452,0.4440198,-0.8817824,0.01570822,0.1583018,0.1448898
0.8916106,0.2224503,-0.6458452,0.8916106,17.20755,-0.6458452,0.4440198,-0.8817824,0.01570822,0.1583018,0.1448898
0.8918962,0.2225771,-0.6452794,0.8918962,17.20768,-0.6452794,0.4449317,-0.8815032,0.01410322,0.1574455,0.1448898
0.8922687,0.2228241,-0.6447451,0.8922687,17.20792,-0.6447451,0.4454812,-0.8813794,0.01319207,0.1566614,0.1448898
0.8922687,0.2228241,-0.6447451,0.8922687,17.20792,-0.6447451,0.4454812,-0.8813794,0.01319207,0.1566614,0.1448898
0.8923748,0.2230825,-0.6444659,0.8923748,17.20818,-0.6444659,0.4461252,-0.8812312,0.0125418,0.1557135,0.1448898
0.8922803,0.2232738,-0.6440806,0.8922803,17.20837,-0.6440806,0.4473795,-0.8807439,0.01150314,0.1549501,0.1448898
0.8920772,0.223397,-0.643765,0.8920772,17.2085,-0.643765,0.4483916,-0.8803613,0.01034433,0.1542787,0.1448898
0.8920038,0.2236249,-0.6434224,0.8920038,17.20872,-0.6434224,0.4496947,-0.8797003,0.009062026,0.1543372,0.1448898
0.8918271,0.2237258,-0.6429775,0.8918271,17.20883,-0.6429775,0.4509341,-0.8790298,0.008381175,0.1545799,0.1448898
0.8913302,0.2239227,-0.6425509,0.8913302,17.20902,-0.6425509,0.4526228,-0.8782609,0.007236206,0.1540718,0.1448898
0.8909211,0.2239821,-0.6421173,0.8909211,17.20908,-0.6421173,0.454267,-0.8774358,0.006036004,0.1539858,0.1448898
0.8906054,0.2241564,-0.6417296,0.8906054,17.20926,-0.6417296,0.4556549,-0.876626,0.005442748,0.1545185,0.1448898
0.8898776,0.224575,-0.6409566,0.8898776,17.20967,-0.6409566,0.4593927,-0.8746722,0.003776296,0.1545727,0.1448898
0.8894126,0.2245657,-0.6401091,0.8894126,17.20967,-0.6401091,0.4603506,-0.8736169,0.004617744,0.1576371,0.1448898
0.8894126,0.2245657,-0.6401091,0.8894126,17.20967,-0.6401091,0.4603506,-0.8736169,0.004617744,0.1576371,0.1448898
0.8885288,0.2249408,-0.6396537,0.8885288,17.21004,-0.6396537,0.4613985,-0.8726655,0.006674914,0.1597556,0.1448898
0.8876629,0.2249181,-0.639446,0.8876629,17.21002,-0.639446,0.4637895,-0.8714617,0.004908684,0.1594668,0.1448898
0.8873134,0.2250586,-0.6389594,0.8873134,17.21016,-0.6389594,0.4651984,-0.8707548,0.003565205,0.1592603,0.1448898
0.8867197,0.2254035,-0.638562,0.8867197,17.2105,-0.638562,0.4669745,-0.8699151,0.003506203,0.1586514,0.1448898
0.8863323,0.2258251,-0.6378703,0.8863323,17.21092,-0.6378703,0.4680361,-0.8691761,0.004246222,0.1595528,0.1448898
0.8857954,0.22616,-0.6373072,0.8857954,17.21126,-0.6373072,0.4688617,-0.8683147,0.004635458,0.1617925,0.1448898
0.8847976,0.2269921,-0.6366158,0.8847976,17.21209,-0.6366158,0.4710207,-0.8668492,0.004081605,0.1633869,0.1448898
0.8844965,0.2274683,-0.6362588,0.8844965,17.21257,-0.6362588,0.4723329,-0.8661537,0.001568022,0.1633308,0.1448898
0.8841448,0.2277749,-0.6357434,0.8841448,17.21288,-0.6357434,0.4736523,-0.8656014,0.0007221777,0.1624413,0.1448898
0.8841448,0.2277749,-0.6357434,0.8841448,17.21288,-0.6357434,0.4736523,-0.8656014,0.0007221777,0.1624413,0.1448898
0.8841095,0.2282569,-0.6349025,0.8841095,17.21336,-0.6349025,0.4747383,-0.8648643,0.0006459354,0.1631959,0.1448898
0.8841095,0.2282569,-0.6349025,0.8841095,17.21336,-0.6349025,0.4747383,-0.8648643,0.0006459354,0.1631959,0.1448898
0.8833206,0.228857,-0.6336708,0.8833206,17.21396,-0.6336708,0.475999,-0.8636703,-0.001812652,0.1658166,0.1448898
0.8829923,0.2289288,-0.6328506,0.8829923,17.21403,-0.6328506,0.4758736,-0.8634076,-0.001802347,0.1675363,0.1448898
0.8823886,0.2287853,-0.6321876,0.8823886,17.21388,-0.6321876,0.4746511,-0.8637015,-0.003114588,0.1694591,0.1448898
0.881819,0.2290201,-0.6312714,0.881819,17.21412,-0.6312714,0.4730743,-0.864778,-0.003309434,0.1683709,0.1448898
0.8811183,0.2293947,-0.6305788,0.8811183,17.21449,-0.6305788,0.4708437,-0.8665175,-0.002316121,0.1656753,0.1448898
0.8789675,0.2290003,-0.6291833,0.8789675,17.2141,-0.6291833,0.4668934,-0.8681338,-0.002200654,0.1683727,0.1448898
0.8773229,0.2288976,-0.6281476,0.8773229,17.214,-0.6281476,0.4638693,-0.8681225,-0.004506693,0.1765455,0.1448898
0.8755381,0.228689,-0.6271019,0.8755381,17.21379,-0.6271019,0.4617274,-0.8683133,-0.006077827,0.1811157,0.1448898
0.8742907,0.2286499,-0.6260037,0.8742907,17.21375,-0.6260037,0.4600143,-0.868434,-0.007773301,0.1847943,0.1448898
0.8734391,0.2288227,-0.6248758,0.8734391,17.21392,-0.6248758,0.4585057,-0.868989,-0.008551024,0.1858967,0.1448898
0.8725867,0.2292047,-0.623718,0.8725867,17.2143,-0.623718,0.4567611,-0.8698564,-0.008448465,0.1861393,0.1448898
0.8720129,0.2291691,-0.6229868,0.8720129,17.21427,-0.6229868,0.4560388,-0.8703868,-0.008776338,0.1854141,0.1448898
0.8716478,0.229146,-0.6225529,0.8716478,17.21424,-0.6225529,0.4554192,-0.8706554,-0.009098129,0.1856603,0.1448898
0.8717461,0.2291083,-0.622484,0.8717461,17.21421,-0.622484,0.454883,-0.871431,-0.008008408,0.1833722,0.1448898
0.8716152,0.2290947,-0.6222866,0.8716152,17.2142,-0.6222866,0.454284,-0.8723155,-0.007241352,0.1806636,0.1448898
0.8721373,0.2289946,-0.6227446,0.8721373,17.21409,-0.6227446,0.4544813,-0.8729421,-0.006671564,0.1771277,0.1448898
0.8727536,0.228487,-0.6231127,0.8727536,17.21359,-0.6231127,0.4552993,-0.8730133,-0.006821754,0.174654,0.1448898
0.8737836,0.2287736,-0.6242981,0.8737836,17.21387,-0.6242981,0.4555358,-0.873504,-0.006509908,0.171568,0.1448898
0.8744028,0.2286003,-0.6250415,0.8744028,17.2137,-0.6250415,0.4539468,-0.8751727,-0.005798019,0.1672471,0.1448898
0.8749728,0.2283785,-0.6253917,0.8749728,17.21348,-0.6253917,0.4536976,-0.8753245,-0.006275649,0.1671108,0.1448898
0.875241,0.2280724,-0.6257176,0.875241,17.21317,-0.6257176,0.4518226,-0.8757041,-0.006430453,0.1701684,0.1448898
0.8750365,0.227577,-0.626087,0.8750365,17.21268,-0.626087,0.4511912,-0.8760228,-0.006485829,0.1702016,0.1448898
0.875175,0.2274551,-0.6258624,0.875175,17.21255,-0.6258624,0.4505096,-0.8762451,-0.005970224,0.1708801,0.1448898
0.8752403,0.2274189,-0.6260037,0.8752403,17.21252,-0.6260037,0.450269,-0.8765185,-0.005741199,0.1701182,0.1448898
0.8752353,0.2276065,-0.6260183,0.8752353,17.21271,-0.6260183,0.4508047,-0.8767347,-0.005860646,0.1675621,0.1448898
0.8751004,0.2273335,-0.6261249,0.8751004,17.21243,-0.6261249,0.4510614,-0.8769495,-0.005513472,0.165749,0.1448898
0.875361,0.2270753,-0.6261013,0.875361,17.21218,-0.6261013,0.4518438,-0.8770403,-0.004773246,0.1631402,0.1448898
0.8752475,0.2270882,-0.6258059,0.8752475,17.21219,-0.6258059,0.4524236,-0.8769746,-0.004622582,0.161886,0.1448898
0.8749933,0.2272108,-0.6257088,0.8749933,17.21231,-0.6257088,0.4529494,-0.876543,-0.004944978,0.1627412,0.1448898
0.8745103,0.2270639,-0.6255987,0.8745103,17.21216,-0.6255987,0.4537729,-0.8757032,-0.005653582,0.1649306,0.1448898
0.8741584,0.2270043,-0.6255236,0.8741584,17.2121,-0.6255236,0.4545483,-0.8749802,-0.006430453,0.1665959,0.1448898
0.8738172,0.2269394,-0.6257606,0.8738172,17.21204,-0.6257606,0.4554314,-0.8741648,-0.007533825,0.1684085,0.1448898
0.8738172,0.2269394,-0.6257606,0.8738172,17.21204,-0.6257606,0.4554314,-0.8741648,-0.007533825,0.1684085,0.1448898
0.8733044,0.2266836,-0.62608,0.8733044,17.21178,-0.62608,0.4570546,-0.8730263,-0.008223228,0.1698781,0.1448898
0.8729856,0.2264686,-0.6257615,0.8729856,17.21157,-0.6257615,0.4577435,-0.8725098,-0.007886535,0.1706906,0.1448898
0.8726685,0.226454,-0.6256738,0.8726685,17.21155,-0.6256738,0.4585455,-0.8719898,-0.007978583,0.1711908,0.1448898
0.8726494,0.2264674,-0.625607,0.8726494,17.21157,-0.625607,0.4595103,-0.8716406,-0.007803912,0.1703882,0.1448898
0.8722949,0.2261729,-0.6255322,0.8722949,17.21127,-0.6255322,0.4605429,-0.8712457,-0.007371875,0.1696374,0.1448898
0.8719981,0.2260599,-0.6255882,0.8719981,17.21116,-0.6255882,0.4615689,-0.8709027,-0.006773528,0.1686322,0.1448898
0.871568,0.2260234,-0.6256385,0.871568,17.21112,-0.6256385,0.4626272,-0.8703431,-0.006282768,0.16864,0.1448898
0.8711057,0.2259443,-0.6253686,0.8711057,17.21104,-0.6253686,0.4638413,-0.8695205,-0.005962732,0.1695578,0.1448898
0.8707371,0.2259879,-0.6253362,0.8707371,17.21109,-0.6253362,0.4649288,-0.8686701,-0.006525912,0.1709122,0.1448898
0.8704953,0.2259951,-0.6252828,0.8704953,17.21109,-0.6252828,0.4660718,-0.8680185,-0.007026204,0.1710894,0.1448898
0.8702562,0.2259438,-0.6251311,0.8702562,17.21104,-0.6251311,0.4671275,-0.867541,-0.006814105,0.1706401,0.1448898
0.8697991,0.2258806,-0.6250179,0.8697991,17.21098,-0.6250179,0.4681044,-0.867101,-0.006074148,0.1702269,0.1448898
0.8691607,0.2256937,-0.6250794,0.8691607,17.21079,-0.6250794,0.4689989,-0.8663212,-0.006124233,0.171727,0.1448898
0.8687434,0.2256122,-0.6251464,0.8687434,17.21071,-0.6251464,0.4701588,-0.8654811,-0.006328848,0.1727806,0.1448898
0.868521,0.2256052,-0.6251242,0.868521,17.2107,-0.6251242,0.4712349,-0.8648268,-0.006754803,0.173109,0.1448898
0.8683376,0.2255173,-0.6249778,0.8683376,17.21062,-0.6249778,0.4720932,-0.8643376,-0.006757559,0.1732138,0.1448898
0.8680425,0.2254026,-0.6249423,0.8680425,17.2105,-0.6249423,0.4728153,-0.8639384,-0.006453584,0.1732469,0.1448898
0.867784,0.2251987,-0.6250334,0.867784,17.2103,-0.6250334,0.4738449,-0.8633522,-0.005989536,0.1733729,0.1448898
0.8669884,0.224731,-0.624963,0.8669884,17.20983,-0.624963,0.4748156,-0.8626878,-0.005305497,0.1740455,0.1448898
0.8665056,0.2246804,-0.6250553,0.8665056,17.20978,-0.6250553,0.4757141,-0.8618963,-0.005164599,0.1755113,0.1448898
0.8662739,0.2247062,-0.6251764,0.8662739,17.20981,-0.6251764,0.4766213,-0.8612448,-0.005652923,0.1762315,0.1448898
0.8660212,0.2246685,-0.6252408,0.8660212,17.20977,-0.6252408,0.4775353,-0.860839,-0.005567263,0.1757421,0.1448898
0.8660729,0.224792,-0.6253324,0.8660729,17.20989,-0.6253324,0.4781318,-0.8606568,-0.00450752,0.1750414,0.1448898
0.8659039,0.2246912,-0.6254363,0.8659039,17.20979,-0.6254363,0.4791563,-0.8601408,-0.003953646,0.1747896,0.1448898
0.8654566,0.2245491,-0.6256399,0.8654566,17.20965,-0.6256399,0.4800164,-0.8596695,-0.003590196,0.1747562,0.1448898
0.865047,0.2243326,-0.625459,0.865047,17.20943,-0.625459,0.4807621,-0.859095,-0.003436447,0.1755328,0.1448898
0.8644371,0.2244363,-0.6253953,0.8644371,17.20954,-0.6253953,0.481537,-0.8585688,-0.00317148,0.1759877,0.1448898
0.8642688,0.224637,-0.6254046,0.8642688,17.20974,-0.6254046,0.4822372,-0.8580897,-0.002943642,0.1764107,0.1448898
0.8639619,0.2246728,-0.6255033,0.8639619,17.20977,-0.6255033,0.4830107,-0.8576065,-0.002802305,0.1766464,0.1448898
0.8637614,0.2247143,-0.6255953,0.8637614,17.20981,-0.6255953,0.4836289,-0.857182,-0.002736391,0.177016,0.1448898
0.8634441,0.2245409,-0.6256614,0.8634441,17.20964,-0.6256614,0.4842556,-0.8568776,-0.002247553,0.1767831,0.1448898
0.8632033,0.2245507,-0.625767,0.8632033,17.20965,-0.625767,0.484826,-0.8566397,-0.001814706,0.176377,0.1448898
0.86308,0.2244518,-0.6259925,0.86308,17.20955,-0.6259925,0.4851182,-0.8565122,-0.001345545,0.1761969,0.1448898
0.86308,0.2244518,-0.6259925,0.86308,17.20955,-0.6259925,0.4851182,-0.8565122,-0.001345545,0.1761969,0.1448898
0.8627517,0.2246003,-0.626132,0.8627517,17.2097,-0.626132,0.4858832,-0.856074,-0.0007720405,0.1762218,0.1448898
0.8625474,0.2247479,-0.6262405,0.8625474,17.20985,-0.6262405,0.486147,-0.8559716,-0.000395553,0.1759935,0.1448898
0.8623662,0.2245138,-0.6262889,0.8623662,17.20961,-0.6262889,0.4864026,-0.8559727,0.0001930101,0.1752805,0.1448898
0.8623319,0.224508,-0.6261792,0.8623319,17.20961,-0.6261792,0.4866157,-0.8560029,0.0007574264,0.1745381,0.1448898
0.8623044,0.2244024,-0.6263032,0.8623044,17.2095,-0.6263032,0.4869913,-0.855812,0.001274451,0.1744238,0.1448898
0.8623047,0.2244737,-0.6262178,0.8623047,17.20957,-0.6262178,0.4872814,-0.8556239,0.001544081,0.1745342,0.1448898
0.862009,0.2243612,-0.6263757,0.862009,17.20946,-0.6263757,0.4877819,-0.8551655,0.001706803,0.1753788,0.1448898
0.8618445,0.2244012,-0.6264184,0.8618445,17.2095,-0.6264184,0.4882354,-0.8549606,0.001812652,0.1751152,0.1448898
0.8614576,0.2241714,-0.6265347,0.8614576,17.20927,-0.6265347,0.4885252,-0.8547919,0.002116081,0.1751273,0.1448898
0.8613913,0.224144,-0.6266029,0.8613913,17.20924,-0.6266029,0.4888059,-0.8546067,0.00254305,0.1752417,0.1448898
0.8612421,0.224128,-0.6266601,0.8612421,17.20923,-0.6266601,0.4891386,-0.8544596,0.00281292,0.1750266,0.1448898
0.861243,0.2241764,-0.626627,0.861243,17.20928,-0.626627,0.4895529,-0.8542107,0.003108602,0.1750779,0.1448898
0.8610277,0.2241311,-0.6267107,0.8610277,17.20923,-0.6267107,0.4900265,-0.8538554,0.003201874,0.1754847,0.1448898
0.8607295,0.2242069,-0.6267002,0.8607295,17.20931,-0.6267002,0.4904135,-0.8535779,0.003580845,0.1757463,0.1448898
0.8607018,0.224287,-0.6266627,0.8607018,17.20939,-0.6266627,0.4908308,-0.8533028,0.003765429,0.175913,0.1448898
0.8605444,0.2243435,-0.6267567,0.8605444,17.20944,-0.6267567,0.491141,-0.8531629,0.003941378,0.1757213,0.1448898
0.8605559,0.2243512,-0.6271012,0.8605559,17.20945,-0.6271012,0.491092,-0.8531481,0.00435194,0.1759208,0.1448898
0.8607943,0.2245109,-0.6270373,0.8607943,17.20961,-0.6270373,0.4912052,-0.8531599,0.004596721,0.1755408,0.1448898
0.8608897,0.2245381,-0.6270661,0.8608897,17.20964,-0.6270661,0.491107,-0.8532741,0.004929133,0.1752513,0.1448898
0.8610406,0.2244124,-0.6272116,0.8610406,17.20951,-0.6272116,0.4910829,-0.8532104,0.0051826,0.1756207,0.1448898
0.8611064,0.2243774,-0.6272047,0.8611064,17.20948,-0.6272047,0.4910985,-0.8531283,0.005192654,0.1759759,0.1448898
0.8610694,0.2243698,-0.6274261,0.8610694,17.20947,-0.6274261,0.4911613,-0.853026,0.005400836,0.1762896,0.1448898
0.860997,0.2244096,-0.6274376,0.860997,17.20951,-0.6274376,0.4911737,-0.8529344,0.005354422,0.1766993,0.1448898
0.8610179,0.2244315,-0.6275172,0.8610179,17.20953,-0.6275172,0.4912915,-0.8528375,0.005490451,0.1768354,0.1448898
0.8607757,0.2241096,-0.627459,0.8607757,17.20921,-0.627459,0.4913169,-0.8528732,0.005745091,0.1765843,0.1448898
0.860832,0.2240462,-0.6274161,0.860832,17.20915,-0.6274161,0.4912943,-0.8528228,0.005798661,0.1768888,0.1448898
0.8608327,0.2240396,-0.6274867,0.8608327,17.20914,-0.6274867,0.4912772,-0.8527358,0.00587398,0.1773527,0.1448898
0.8607752,0.2238793,-0.6274943,0.8607752,17.20898,-0.6274943,0.4912822,-0.8526908,0.005844096,0.1775559,0.1448898
0.8604701,0.2238955,-0.6276205,0.8604701,17.209,-0.6276205,0.4911411,-0.8527723,0.00623336,0.1775414,0.1448898
0.8607764,0.2242949,-0.6278577,0.8607764,17.20939,-0.6278577,0.4907034,-0.8530183,0.006432191,0.1775629,0.1448898
0.8609531,0.2242496,-0.6279652,0.8609531,17.20935,-0.6279652,0.490488,-0.8532024,0.006607038,0.1772672,0.1448898
0.8610291,0.2242613,-0.6281042,0.8610291,17.20936,-0.6281042,0.4900892,-0.8534773,0.006865302,0.1770366,0.1448898
0.8610291,0.2242613,-0.6281042,0.8610291,17.20936,-0.6281042,0.4900892,-0.8534773,0.006865302,0.1770366,0.1448898
0.8611424,0.2242758,-0.6282353,0.8611424,17.20938,-0.6282353,0.4896407,-0.8537216,0.006932261,0.1770971,0.1448898
0.8611424,0.2242758,-0.6282353,0.8611424,17.20938,-0.6282353,0.4896407,-0.8537216,0.006932261,0.1770971,0.1448898
0.8612494,0.2243295,-0.6284671,0.8612494,17.20943,-0.6284671,0.4890736,-0.8540671,0.007208869,0.176987,0.1448898
0.8612461,0.2243013,-0.6285033,0.8612461,17.2094,-0.6285033,0.4887668,-0.8542166,0.007127799,0.1771167,0.1448898
0.8612843,0.2244048,-0.6284633,0.8612843,17.20951,-0.6284633,0.4883991,-0.8544087,0.007161689,0.177203,0.1448898
0.8614841,0.2244942,-0.6285605,0.8614841,17.20959,-0.6285605,0.4878553,-0.8547525,0.00725677,0.1770387,0.1448898
0.8616719,0.2244501,-0.6286805,0.8616719,17.20955,-0.6286805,0.4870392,-0.8554385,0.007575739,0.1759556,0.1448898
0.8618546,0.2245076,-0.628854,0.8618546,17.20961,-0.628854,0.4864087,-0.855822,0.008026065,0.1758147,0.1448898
0.862164,0.2242997,-0.6291149,0.862164,17.2094,-0.6291149,0.4848122,-0.8568019,0.007881811,0.1754581,0.1448898
0.8622794,0.2243767,-0.6290464,0.8622794,17.20948,-0.6290464,0.4842079,-0.8571692,0.007969238,0.1753292,0.1448898
0.8625464,0.224422,-0.6291111,0.8625464,17.20952,-0.6291111,0.483266,-0.8577362,0.00787661,0.1751588,0.1448898
0.8627207,0.2244468,-0.6292117,0.8627207,17.20955,-0.6292117,0.4824577,-0.8582465,0.008144936,0.1748747,0.1448898
0.8630056,0.2244241,-0.6294601,0.8630056,17.20952,-0.6294601,0.4817073,-0.8586993,0.008354018,0.1747107,0.1448898
0.8632448,0.2245076,-0.6295593,0.8632448,17.20961,-0.6295593,0.4807788,-0.8593401,0.008158188,0.1741259,0.1448898
0.8633938,0.2243934,-0.629441,0.8633938,17.20949,-0.629441,0.4800392,-0.8599578,0.008419313,0.1731016,0.1448898
0.8638115,0.224339,-0.6296358,0.8638115,17.20944,-0.6296358,0.4790717,-0.8605796,0.00842064,0.1726909,0.1448898
0.8638115,0.224339,-0.6296358,0.8638115,17.20944,-0.6296358,0.4790717,-0.8605796,0.00842064,0.1726909,0.1448898
0.8640733,0.2243571,-0.6298118,0.8640733,17.20946,-0.6298118,0.4781548,-0.8611828,0.008626926,0.1722143,0.1448898
0.8644822,0.224601,-0.6299829,0.8644822,17.2097,-0.6299829,0.4772744,-0.8617712,0.00892116,0.1716971,0.1448898
0.8646138,0.2247324,-0.6300933,0.8646138,17.20983,-0.6300933,0.476156,-0.8624159,0.008761468,0.1715739,0.1448898
0.8648689,0.2247894,-0.6301057,0.8648689,17.20989,-0.6301057,0.4752676,-0.8629712,0.008806,0.1712419,0.1448898
0.8650701,0.2247543,-0.6300077,0.8650701,17.20985,-0.6300077,0.4740975,-0.8636497,0.008498584,0.1710803,0.1448898
0.8655131,0.2246923,-0.6301174,0.8655131,17.20979,-0.6301174,0.4731669,-0.8642024,0.008288655,0.1708762,0.1448898
0.8656213,0.2246747,-0.6302879,0.8656213,17.20977,-0.6302879,0.4721815,-0.8647938,0.007988381,0.1706237,0.1448898
0.8659735,0.2248328,-0.6304049,0.8659735,17.20993,-0.6304049,0.4713172,-0.8654355,0.008082494,0.1697533,0.1448898
0.8663433,0.2247953,-0.6301761,0.8663433,17.2099,-0.6301761,0.4703297,-0.8660377,0.008013059,0.1694241,0.1448898
0.8664844,0.2248478,-0.6302314,0.8664844,17.20995,-0.6302314,0.4695524,-0.8664896,0.007791491,0.1692799,0.1448898
0.8666873,0.2249677,-0.6301997,0.8666873,17.21007,-0.6301997,0.4687124,-0.8669919,0.007513029,0.1690481,0.1448898
0.8671553,0.2252023,-0.6301315,0.8671553,17.2103,-0.6301315,0.4672375,-0.8678926,0.006691636,0.1685433,0.1448898
0.8674679,0.2252779,-0.6300426,0.8674679,17.21038,-0.6300426,0.466511,-0.8684702,0.006728278,0.1675765,0.1448898
0.8678153,0.2253041,-0.6297734,0.8678153,17.2104,-0.6297734,0.4656995,-0.8690329,0.006589537,0.1669204,0.1448898
0.8678153,0.2253041,-0.6297734,0.8678153,17.2104,-0.6297734,0.4656995,-0.8690329,0.006589537,0.1669204,0.1448898
0.8681648,0.2253675,-0.6296532,0.8681648,17.21047,-0.6296532,0.4649738,-0.8695605,0.006446654,0.1661998,0.1448898
0.8685443,0.225518,-0.6295898,0.8685443,17.21062,-0.6295898,0.4642493,-0.8701071,0.006311165,0.1653679,0.1448898
0.8687963,0.2255552,-0.6295605,0.8687963,17.21066,-0.6295605,0.4636062,-0.8705902,0.006346483,0.164626,0.1448898
0.8689847,0.2256861,-0.6294227,0.8689847,17.21078,-0.6294227,0.4631793,-0.8709624,0.006090073,0.1638669,0.1448898
0.8693483,0.2256222,-0.6293402,0.8693483,17.21072,-0.6293402,0.4621632,-0.871577,0.005383564,0.1634925,0.1448898
0.8692861,0.2257364,-0.6293776,0.8692861,17.21084,-0.6293776,0.4617757,-0.8718917,0.004692965,0.1629299,0.1448898
0.8692861,0.2257364,-0.6293776,0.8692861,17.21084,-0.6293776,0.4617757,-0.8718917,0.004692965,0.1629299,0.1448898
0.8694882,0.2258627,-0.6293373,0.8694882,17.21096,-0.6293373,0.4614209,-0.8722129,0.004193253,0.1622275,0.1448898
0.8694882,0.2258627,-0.6293373,0.8694882,17.21096,-0.6293373,0.4614209,-0.8722129,0.004193253,0.1622275,0.1448898
0.8696072,0.2261729,-0.6289649,0.8696072,17.21127,-0.6289649,0.4608418,-0.8727306,0.003190218,0.161109,0.1448898
0.8699331,0.2262638,-0.6284206,0.8699331,17.21136,-0.6284206,0.4603126,-0.8731282,0.001514853,0.1604904,0.1448898
0.8700414,0.2263415,-0.6280899,0.8700414,17.21144,-0.6280899,0.4602163,-0.873184,0.000545915,0.1604695,0.1448898
0.8700414,0.2263415,-0.6280899,0.8700414,17.21144,-0.6280899,0.4602163,-0.873184,0.000545915,0.1604695,0.1448898
0.8700652,0.2265348,-0.6278324,0.8700652,17.21164,-0.6278324,0.4603032,-0.8730801,0,0.1607862,0.1448898
0.8700409,0.2265997,-0.6276255,0.8700409,17.2117,-0.6276255,0.4604676,-0.8729925,-0.0009917039,0.1607881,0.1448898
0.8699484,0.227021,-0.6270585,0.8699484,17.21212,-0.6270585,0.4611114,-0.8726767,-0.00283403,0.1606353,0.1448898
0.8700237,0.2271116,-0.6266782,0.8700237,17.21221,-0.6266782,0.4613291,-0.8726132,-0.003748572,0.1603361,0.1448898
0.8698618,0.2271461,-0.6267204,0.8698618,17.21225,-0.6267204,0.4616453,-0.8725206,-0.004391139,0.159913,0.1448898
0.8698969,0.2272429,-0.6264741,0.8698969,17.21234,-0.6264741,0.461818,-0.8725514,-0.005044917,0.1592254,0.1448898
0.8697977,0.2275105,-0.6260102,0.8697977,17.21261,-0.6260102,0.4621732,-0.8724725,-0.005577959,0.1586082,0.1448898
0.8697579,0.227689,-0.6256521,0.8697579,17.21279,-0.6256521,0.4626442,-0.8722965,-0.006347656,0.1581735,0.1448898
0.8697202,0.2280178,-0.6253841,0.8697202,17.21312,-0.6253841,0.4635784,-0.8719981,-0.006870726,0.1570576,0.1448898
0.8698437,0.2282023,-0.6252236,0.8698437,17.2133,-0.6252236,0.4645693,-0.8716918,-0.007656446,0.155789,0.1448898
0.8696973,0.228461,-0.6250665,0.8696973,17.21356,-0.6250665,0.4656973,-0.8713551,-0.007957075,0.154282,0.1448898
0.8692601,0.2287831,-0.62485,0.8692601,17.21388,-0.62485,0.4679779,-0.8706627,-0.007007091,0.1513082,0.1448898
0.8688498,0.2291763,-0.6243079,0.8688498,17.21428,-0.6243079,0.4699159,-0.8699152,-0.006642465,0.149608,0.1448898
0.8678629,0.2305684,-0.6230454,0.8678629,17.21567,-0.6230454,0.4726429,-0.8677747,-0.0008188725,0.153542,0.1448898
0.8678629,0.2305684,-0.6230454,0.8678629,17.21567,-0.6230454,0.4726429,-0.8677747,-0.0008188725,0.153542,0.1448898
0.866318,0.2314045,-0.6221857,0.866318,17.21651,-0.6221857,0.4751648,-0.8664613,0.003991158,0.153125,0.1448898
0.8641868,0.2332568,-0.6214259,0.8641868,17.21836,-0.6214259,0.4793766,-0.8642175,0.004946484,0.1526491,0.1448898
0.8601589,0.2373972,-0.6212747,0.8601589,17.2225,-0.6212747,0.4910327,-0.8604447,0.009980321,0.1357283,0.1448898
0.8578827,0.2397501,-0.6205425,0.8578827,17.22485,-0.6205425,0.4959919,-0.8593959,0.01597186,0.1231894,0.1448898
0.8556311,0.2420969,-0.6195962,0.8556311,17.2272,-0.6195962,0.5025417,-0.857038,0.02274147,0.1114475,0.1448898
0.8533971,0.2449741,-0.6179881,0.8533971,17.23007,-0.6179881,0.5093558,-0.8536662,0.02993387,0.1044728,0.1448898
0.8516672,0.2478914,-0.6161611,0.8516672,17.23299,-0.6161611,0.5143395,-0.8515062,0.03715222,0.09493041,0.1448898
0.8509703,0.2529688,-0.6133614,0.8509703,17.36097,-0.6133614,0.5242657,-0.8461596,0.04555039,0.08417047,0.1448898
0.8505261,0.2574899,-0.610388,0.8505261,17.36615,-0.610388,0.5325075,-0.8411887,0.05506826,0.07618982,0.1448898
0.8503325,0.2643762,-0.6061172,0.8503325,17.37332,-0.6061172,0.5374404,-0.8373218,0.07106935,0.07070548,0.1448898
0.8481717,0.2721195,-0.6028819,0.8481717,17.38413,-0.6028819,0.5470191,-0.8315862,0.07372779,0.06163409,0.1448898
0.8461878,0.277509,-0.6000028,0.8461878,17.39219,-0.6000028,0.5551789,-0.8264639,0.07639501,0.05382948,0.1448898
0.8440094,0.2865009,-0.597302,0.8440094,17.40398,-0.597302,0.5676579,-0.8180071,0.07431176,0.05573857,0.1448898
0.8440094,0.2865009,-0.597302,0.8440094,17.40398,-0.597302,0.5676579,-0.8180071,0.07431176,0.05573857,0.1448898
0.8422842,0.2949402,-0.5938249,0.8422842,17.41453,-0.5938249,0.5771716,-0.8100723,0.08529859,0.05813752,0.1448898
0.8399253,0.3027112,-0.5904498,0.8399253,17.42503,-0.5904498,0.5853834,-0.8032221,0.09377189,0.05802906,0.1448898
0.8370695,0.3128686,-0.5875614,0.8370695,17.43828,-0.5875614,0.5944357,-0.7960501,0.09766716,0.05840793,0.1448898
0.8333488,0.323364,-0.5842707,0.8333488,17.45246,-0.5842707,0.6059265,-0.7874429,0.09756181,0.05717053,0.1448898
0.8333488,0.323364,-0.5842707,0.8333488,17.45246,-0.5842707,0.6059265,-0.7874429,0.09756181,0.05717053,0.1448898
0.825567,0.3445072,-0.5772717,0.825567,17.48019,-0.5772717,0.6232111,-0.7731044,0.1016223,0.05992011,0.1448898
0.8212032,0.3543851,-0.5745897,0.8212032,17.49318,-0.5745897,0.6305707,-0.7664627,0.1051862,0.0620591,0.1448898
0.8109994,0.3724947,-0.569957,0.8109994,17.51716,-0.569957,0.6413075,-0.7558662,0.1076986,0.07610583,0.1448898
0.8109994,0.3724947,-0.569957,0.8109994,17.51716,-0.569957,0.6413075,-0.7558662,0.1076986,0.07610583,0.1448898
0.8054776,0.3810794,-0.5684409,0.8054776,17.52824,-0.5684409,0.6450949,-0.751801,0.1078513,0.08376154,0.1448898
0.8005929,0.3898356,-0.5668635,0.8005929,17.53888,-0.5668635,0.6490616,-0.747619,0.1088741,0.08905762,0.1448898
0.7939246,0.3969893,-0.5658455,0.7939246,17.54818,-0.5658455,0.6514897,-0.7448158,0.1068323,0.09694118,0.1448898
0.7881768,0.4041135,-0.5646725,0.7881768,17.55683,-0.5646725,0.6543115,-0.7415336,0.1050789,0.1047033,0.1448898
0.7818739,0.4115286,-0.5634389,0.7818739,17.56562,-0.5634389,0.6566265,-0.7383984,0.1043687,0.1127683,0.1448898
0.7746372,0.4158225,-0.5631728,0.7746372,17.57118,-0.5631728,0.6543295,-0.7388988,0.1027801,0.1237646,0.1448898
0.7689664,0.4213864,-0.5624158,0.7689664,17.57755,-0.5624158,0.6539143,-0.7383112,0.1011545,0.1306154,0.1448898
0.7623003,0.4246883,-0.5621908,0.7623003,17.58163,-0.5621908,0.6516635,-0.7395971,0.09911494,0.1360406,0.1448898
0.7544928,0.4279104,-0.5617244,0.7544928,17.58557,-0.5617244,0.6488968,-0.7414514,0.09740184,0.1403414,0.1448898
0.7478299,0.4295795,-0.5615153,0.7478299,17.58772,-0.5615153,0.6453755,-0.7437421,0.09556888,0.1456182,0.1448898
0.7414536,0.4320374,-0.5614033,0.7414536,17.59056,-0.5614033,0.6419616,-0.7456789,0.09373218,0.1518637,0.1448898
0.7337101,0.4309545,-0.5616601,0.7337101,17.58983,-0.5616601,0.6347417,-0.7511361,0.09052219,0.1571731,0.1448898
0.7274523,0.4326211,-0.5612478,0.7274523,17.59173,-0.5612478,0.6310956,-0.7535042,0.08832097,0.1617068,0.1448898
0.7199345,0.4299296,-0.5621397,0.7199345,17.58925,-0.5621397,0.6230817,-0.7604271,0.08408159,0.1626352,0.1448898
0.7125368,0.4273211,-0.56247,0.7125368,17.58681,-0.56247,0.6160221,-0.7663037,0.08082587,0.1635928,0.1448898
0.7056637,0.4263362,-0.5626347,0.7056637,17.58595,-0.5626347,0.6104676,-0.7704805,0.07830677,0.1660036,0.1448898
0.6985579,0.4200876,-0.5634849,0.6985579,17.57981,-0.5634849,0.6012203,-0.7787176,0.07499266,0.1628166,0.1448898
0.6917684,0.4148014,-0.5642791,0.6917684,17.5746,-0.5642791,0.5931259,-0.785781,0.07215347,0.1598241,0.1448898
0.6844494,0.4086318,-0.5651896,0.6844494,17.56849,-0.5651896,0.5850084,-0.7923509,0.06889337,0.158742,0.1448898
0.6777596,0.4027557,-0.5658627,0.6777596,17.56267,-0.5658627,0.576694,-0.7987781,0.06538054,0.1584396,0.1448898
0.671164,0.3945436,-0.5670421,0.671164,17.55449,-0.5670421,0.5669245,-0.8063473,0.0623771,0.1565562,0.1448898
0.6645434,0.3858101,-0.5677526,0.6645434,17.54579,-0.5677526,0.5563676,-0.8140541,0.0594929,0.1556654,0.1448898
0.6577864,0.3772948,-0.5685031,0.6577864,17.5373,-0.5685031,0.5450854,-0.8218998,0.05700827,0.1552828,0.1448898
0.6522987,0.3661101,-0.5694737,0.6522987,17.52613,-0.5694737,0.5326182,-0.830299,0.05511079,0.1545457,0.1448898
0.6465814,0.3572505,-0.5702598,0.6465814,17.51728,-0.5702598,0.5219479,-0.8376164,0.05279721,0.1522551,0.1448898
0.6407616,0.3468814,-0.5711732,0.6407616,17.50693,-0.5711732,0.5114242,-0.844835,0.05129329,0.1485533,0.1448898
0.6348343,0.3362257,-0.5724983,0.6348343,17.49628,-0.5724983,0.5012625,-0.8514652,0.05036122,0.1456257,0.1448898
0.6288919,0.3258429,-0.5733035,0.6288919,17.4859,-0.5733035,0.4910548,-0.8571662,0.05063983,0.1468572,0.1448898
0.6229148,0.3160858,-0.5741301,0.6229148,17.47615,-0.5741301,0.4804834,-0.8632509,0.04971769,0.1464984,0.1448898
0.6229148,0.3160858,-0.5741301,0.6229148,17.47615,-0.5741301,0.4804834,-0.8632509,0.04971769,0.1464984,0.1448898
0.6143873,0.2988305,-0.5745924,0.6143873,17.45891,-0.5745924,0.4543834,-0.8759521,0.04834524,0.1546172,0.1448898
0.6102901,0.2903345,-0.5752189,0.6102901,17.45041,-0.5752189,0.4408874,-0.882117,0.04467357,0.1596627,0.1448898
0.6094038,0.2849193,-0.5760276,0.6094038,17.445,-0.5760276,0.4283145,-0.8903034,0.03895612,0.1496298,0.1448898
0.6054711,0.2788417,-0.577261,0.6054711,17.43892,-0.577261,0.4192604,-0.896257,0.03799388,0.1396447,0.1448898
0.6020546,0.2724261,-0.5776391,0.6020546,17.43251,-0.5776391,0.41107,-0.8995273,0.03643508,0.143334,0.1448898
0.599308,0.2672527,-0.5788558,0.599308,17.42734,-0.5788558,0.4034692,-0.900778,0.03085676,0.1576689,0.1448898
0.5965781,0.2635813,-0.5797937,0.5965781,17.42367,-0.5797937,0.3963298,-0.9024169,0.01887832,0.1679584,0.1448898
0.5934048,0.2585492,-0.5804324,0.5934048,17.41864,-0.5804324,0.3890935,-0.9048511,0.009224189,0.172527,0.1448898
0.5932765,0.2559624,-0.5819111,0.5932765,17.41605,-0.5819111,0.3850306,-0.9060262,0.001214584,0.1756887,0.1448898
0.5915451,0.2526743,-0.5827382,0.5915451,17.41276,-0.5827382,0.3793252,-0.9080519,-0.003083333,0.1776083,0.1448898
0.5906994,0.2489686,-0.5815248,0.5906994,17.40906,-0.5815248,0.3756063,-0.908356,-0.008459041,0.1836784,0.1448898
0.5915899,0.2455003,-0.58143,0.5915899,17.40559,-0.58143,0.3720901,-0.9074085,-0.01512589,0.1947561,0.1448898
0.5917449,0.2425525,-0.5817964,0.5917449,17.40264,-0.5817964,0.3695912,-0.9067079,-0.01949192,0.2022452,0.1448898
0.5931137,0.2404032,-0.5826764,0.5931137,17.40049,-0.5826764,0.3683868,-0.9063437,-0.0200853,0.2059827,0.1448898
0.5939965,0.2390795,-0.5824659,0.5939965,17.39917,-0.5824659,0.3685451,-0.906927,-0.02129523,0.2029886,0.1448898
0.5949409,0.2371018,-0.5831008,0.5949409,17.39719,-0.5831008,0.3680701,-0.9067715,-0.02492179,0.2041294,0.1448898
0.5962007,0.2346189,-0.5835655,0.5962007,17.39471,-0.5835655,0.3669211,-0.9056163,-0.02849891,0.2107509,0.1448898
0.5968099,0.232331,-0.5839055,0.5968099,17.39242,-0.5839055,0.3656165,-0.9047918,-0.03024906,0.2162438,0.1448898
0.5985138,0.2295415,-0.58424,0.5985138,17.38963,-0.58424,0.3652885,-0.9040169,-0.03028992,0.2200005,0.1448898
0.6000409,0.2268076,-0.5849161,0.6000409,17.3869,-0.5849161,0.3642033,-0.9033388,-0.03083212,0.2244644,0.1448898
0.6005886,0.2250297,-0.5834379,0.6005886,17.38512,-0.5834379,0.3616498,-0.9029537,-0.01505627,0.2316408,0.1448898
0.6000803,0.222981,-0.5819099,0.6000803,17.38307,-0.5819099,0.3557231,-0.9094232,-0.01186659,0.2151038,0.1448898
0.5947709,0.2224157,-0.5809224,0.5947709,17.38251,-0.5809224,0.3499497,-0.916873,0.004044932,0.1919969,0.1448898
0.5897644,0.2233822,-0.5808454,0.5897644,17.38347,-0.5808454,0.3526909,-0.9152304,0.009448432,0.1946104,0.1448898
0.5874035,0.2261395,-0.5840986,0.5874035,17.38623,-0.5840986,0.3644784,-0.9007621,-0.01119858,0.2359188,0.1448898
0.5868785,0.2276816,-0.5852532,0.5868785,17.38777,-0.5852532,0.3693391,-0.8988535,-0.01640427,0.2353337,0.1448898
0.5872588,0.2269292,-0.5854242,0.5872588,17.38702,-0.5854242,0.3679384,-0.905412,-0.01372843,0.2113341,0.1448898
0.5867569,0.2257745,-0.5855737,0.5867569,17.38586,-0.5855737,0.3725766,-0.9045462,-0.007640861,0.2071824,0.1448898
0.5856698,0.223736,-0.5859325,0.5856698,17.38383,-0.5859325,0.3745912,-0.9015353,0.0004567453,0.2165995,0.1448898
0.5840516,0.2225976,-0.5863953,0.5840516,17.38269,-0.5863953,0.3752697,-0.899036,0.001035801,0.2256231,0.1448898
0.5836451,0.2222531,-0.5873766,0.5836451,17.38234,-0.5873766,0.3769554,-0.8973038,0.00059802,0.2296742,0.1448898
0.5843079,0.222095,-0.5879478,0.5843079,17.38218,-0.5879478,0.378796,-0.8968518,0.004291601,0.2283681,0.1448898
0.5843079,0.222095,-0.5879478,0.5843079,17.38218,-0.5879478,0.378796,-0.8968518,0.004291601,0.2283681,0.1448898
0.5843079,0.222095,-0.5879478,0.5843079,17.38218,-0.5879478,0.378796,-0.8968518,0.004291601,0.2283681,0.1448898
0.584738,0.2219164,-0.5901971,0.584738,17.38201,-0.5901971,0.3823076,-0.8970217,0.01012374,0.2215637,0.1448898
0.584305,0.2220323,-0.5912678,0.584305,17.38212,-0.5912678,0.3830662,-0.8964361,0.01500025,0.2223456,0.1448898
0.5840237,0.2216976,-0.5926092,0.5840237,17.38179,-0.5926092,0.384138,-0.8956512,0.01796011,0.2234375,0.1448898
0.5839357,0.2214665,-0.5938268,0.5839357,17.38156,-0.5938268,0.385129,-0.8946778,0.01988473,0.2254592,0.1448898
0.5831912,0.2218299,-0.5944114,0.5831912,17.38192,-0.5944114,0.3860207,-0.8941069,0.02270475,0.2259321,0.1448898
0.5825689,0.2216883,-0.5950553,0.5825689,17.38178,-0.5950553,0.3872746,-0.8935153,0.02396188,0.2259968,0.1448898
0.5822442,0.2212832,-0.5950491,0.5822442,17.38137,-0.5950491,0.3883081,-0.8929368,0.02443237,0.2264595,0.1448898
0.5820603,0.2210922,-0.5948727,0.5820603,17.38118,-0.5948727,0.389398,-0.8924167,0.02706963,0.2263381,0.1448898
0.5817301,0.2206678,-0.5951123,0.5817301,17.38076,-0.5951123,0.3908427,-0.8918949,0.0285595,0.2257207,0.1448898
0.5814884,0.2204442,-0.5952625,0.5814884,17.38053,-0.5952625,0.3921331,-0.8913786,0.03029976,0.2252946,0.1448898
0.58078,0.2204669,-0.5953426,0.58078,17.38056,-0.5953426,0.393875,-0.8902409,0.0308442,0.2266765,0.1448898
0.5801737,0.2203796,-0.5954871,0.5801737,17.38047,-0.5954871,0.3953972,-0.8892282,0.03139391,0.2279225,0.1448898
0.5795157,0.2207143,-0.5957115,0.5795157,17.3808,-0.5957115,0.3974023,-0.8881667,0.03191946,0.2285005,0.1448898
0.578701,0.2204869,-0.5954847,0.578701,17.38058,-0.5954847,0.3998617,-0.886941,0.03199361,0.2289604,0.1448898
0.5780203,0.2206204,-0.5953877,0.5780203,17.38071,-0.5953877,0.4015095,-0.8859161,0.03251725,0.2299685,0.1448898
0.5772619,0.2204912,-0.5949705,0.5772619,17.38058,-0.5949705,0.4037462,-0.8844279,0.03164919,0.2318937,0.1448898
0.5766895,0.2203047,-0.5946958,0.5766895,17.38039,-0.5946958,0.4055723,-0.8835093,0.03149793,0.2322288,0.1448898
0.5762312,0.2201591,-0.5947363,0.5762312,17.38025,-0.5947363,0.4071613,-0.8825417,0.03165931,0.2331039,0.1448898
0.5759504,0.2200091,-0.5949385,0.5759504,17.3801,-0.5949385,0.4086523,-0.8817624,0.03195422,0.233404,0.1448898
0.575896,0.2200923,-0.5954876,0.575896,17.38018,-0.5954876,0.4104932,-0.8816488,0.03428612,0.2302503,0.1448898
0.5759544,0.2203519,-0.595809,0.5759544,17.38044,-0.595809,0.4120779,-0.8813781,0.03585606,0.2282078,0.1448898
0.5756581,0.2203822,-0.5960469,0.5756581,17.38047,-0.5960469,0.4134677,-0.8810611,0.03622795,0.2268552,0.1448898
0.5751133,0.2205,-0.5962069,0.5751133,17.38059,-0.5962069,0.4149329,-0.8802515,0.03652596,0.2272748,0.1448898
0.5745034,0.2199862,-0.5960851,0.5745034,17.38008,-0.5960851,0.4161224,-0.8794255,0.03684866,0.2282436,0.1448898
0.5741417,0.2199161,-0.5961583,0.5741417,17.38,-0.5961583,0.4171289,-0.8786189,0.03698711,0.2294871,0.1448898
0.573679,0.2200525,-0.5960486,0.573679,17.38014,-0.5960486,0.418264,-0.8782797,0.03653208,0.2287912,0.1448898
0.5732148,0.2199373,-0.5960157,0.5732148,17.38003,-0.5960157,0.4194305,-0.8779804,0.03671436,0.227773,0.1448898
0.5728443,0.2199695,-0.5958676,0.5728443,17.38006,-0.5958676,0.4205494,-0.8772866,0.03714068,0.2283134,0.1448898
0.5721014,0.2199938,-0.595315,0.5721014,17.38008,-0.595315,0.4216372,-0.8765936,0.03713848,0.2289684,0.1448898
0.5711956,0.2197633,-0.594593,0.5711956,17.37985,-0.594593,0.4220115,-0.8752739,0.03577577,0.2334997,0.1448898
0.5703344,0.2194786,-0.5941353,0.5703344,17.37957,-0.5941353,0.4230258,-0.8734932,0.03323542,0.2386509,0.1448898
0.5697718,0.2193468,-0.5940213,0.5697718,17.37944,-0.5940213,0.4243267,-0.8724038,0.03248148,0.2404233,0.1448898
0.5692353,0.2192111,-0.5941551,0.5692353,17.3793,-0.5941551,0.4261744,-0.8718946,0.03426351,0.2387494,0.1448898
0.5689042,0.2192707,-0.594048,0.5689042,17.37936,-0.594048,0.4280911,-0.8713061,0.03523162,0.2373235,0.1448898
0.5684257,0.2192786,-0.594249,0.5684257,17.37937,-0.594249,0.4295873,-0.8708613,0.03633432,0.2360829,0.1448898
0.5679674,0.2192361,-0.5941696,0.5679674,17.37933,-0.5941696,0.4310601,-0.8699881,0.03680193,0.2365452,0.1448898
0.5674925,0.2192571,-0.5941401,0.5674925,17.37935,-0.5941401,0.4323996,-0.8692752,0.03697925,0.2366937,0.1448898
0.5674925,0.2192571,-0.5941401,0.5674925,17.37935,-0.5941401,0.4323996,-0.8692752,0.03697925,0.2366937,0.1448898
0.5670831,0.2193868,-0.5946226,0.5670831,17.37948,-0.5946226,0.4353251,-0.868665,0.03885443,0.2332456,0.1448898
0.5670831,0.2193868,-0.5946226,0.5670831,17.37948,-0.5946226,0.4353251,-0.868665,0.03885443,0.2332456,0.1448898
0.5666904,0.2193623,-0.5948343,0.5666904,17.37945,-0.5948343,0.4370267,-0.8681943,0.03986488,0.2316402,0.1448898
0.5660341,0.2193549,-0.5943537,0.5660341,17.37944,-0.5943537,0.4392076,-0.8672419,0.04093616,0.2308947,0.1448898
0.5653934,0.2191222,-0.5940864,0.5653934,17.37921,-0.5940864,0.4413855,-0.8650633,0.04007291,0.2350288,0.1448898
0.5651145,0.2189786,-0.5939918,0.5651145,17.37907,-0.5939918,0.4423973,-0.8644195,0.04046562,0.2354279,0.1448898
0.5647576,0.2188821,-0.5939438,0.5647576,17.37897,-0.5939438,0.4436499,-0.8639525,0.04123529,0.2346501,0.1448898
0.5644455,0.2188108,-0.593888,0.5644455,17.3789,-0.593888,0.4450994,-0.8634165,0.04237133,0.2336733,0.1448898
0.5638664,0.2188814,-0.5936422,0.5638664,17.37897,-0.5936422,0.4466096,-0.862657,0.04287197,0.2335056,0.1448898
0.5630703,0.2187064,-0.5937166,0.5630703,17.3788,-0.5937166,0.447998,-0.8616825,0.04267156,0.2344787,0.1448898
0.5628524,0.2190156,-0.5938835,0.5628524,17.3791,-0.5938835,0.4496146,-0.8606989,0.04248704,0.2350297,0.1448898
0.5627341,0.219152,-0.5943434,0.5627341,17.37924,-0.5943434,0.4518273,-0.8602992,0.0439992,0.2319513,0.1448898
0.5623479,0.2192335,-0.5945292,0.5623479,17.37932,-0.5945292,0.4539763,-0.8597374,0.04530602,0.2295748,0.1448898
0.5617692,0.2192593,-0.5942702,0.5617692,17.37935,-0.5942702,0.4561315,-0.8589332,0.04645084,0.2280792,0.1448898
0.5612242,0.2193134,-0.5942857,0.5612242,17.3794,-0.5942857,0.4583283,-0.8578602,0.04715597,0.2275684,0.1448898
0.5606756,0.2191496,-0.5943055,0.5606756,17.37924,-0.5943055,0.4599815,-0.8567917,0.04710222,0.2282682,0.1448898
0.5603232,0.2190235,-0.5941181,0.5603232,17.37911,-0.5941181,0.4616199,-0.8558485,0.04787585,0.2283383,0.1448898
0.5597773,0.2191384,-0.5939891,0.5597773,17.37923,-0.5939891,0.4633323,-0.8550565,0.04877897,0.2276449,0.1448898
0.5593419,0.2190452,-0.5939183,0.5593419,17.37914,-0.5939183,0.465068,-0.8545068,0.04941112,0.2260274,0.1448898
0.5590022,0.218971,-0.5935476,0.5590022,17.37906,-0.5935476,0.4663261,-0.8538767,0.05007897,0.2256695,0.1448898
0.5583038,0.2190936,-0.5934377,0.5583038,17.37918,-0.5934377,0.4678782,-0.85299,0.05015188,0.2257937,0.1448898
0.5579219,0.2189448,-0.5931256,0.5579219,17.37903,-0.5931256,0.4690937,-0.8522694,0.04995563,0.2260365,0.1448898
0.5573847,0.2189443,-0.5931292,0.5573847,17.37903,-0.5931292,0.4704103,-0.8510722,0.04992795,0.2278103,0.1448898
0.5568743,0.2189291,-0.5934346,0.5568743,17.37902,-0.5934346,0.4719894,-0.8501074,0.04982809,0.2281678,0.1448898
0.556309,0.2189155,-0.5933328,0.556309,17.37901,-0.5933328,0.4737639,-0.8491578,0.0494078,0.228118,0.1448898
0.5557737,0.2188849,-0.5932286,0.5557737,17.37897,-0.5932286,0.4755153,-0.8481127,0.04982787,0.2282701,0.1448898
0.5551648,0.2189205,-0.5930283,0.5551648,17.37901,-0.5930283,0.4771272,-0.8472176,0.05029201,0.2281288,0.1448898
0.5546732,0.2189331,-0.5928626,0.5546732,17.37902,-0.5928626,0.4792109,-0.8463828,0.05048748,0.2268131,0.1448898
0.554024,0.2189867,-0.592447,0.554024,17.37908,-0.592447,0.4812404,-0.8454055,0.05109215,0.2260239,0.1448898
0.553448,0.2189732,-0.5923507,0.553448,17.37906,-0.5923507,0.4833668,-0.8442375,0.0505534,0.2259734,0.1448898
0.5528989,0.2189901,-0.592248,0.5528989,17.37908,-0.592248,0.4851519,-0.8432404,0.05080589,0.2258139,0.1448898
0.5523348,0.2190633,-0.592191,0.5523348,17.37915,-0.592191,0.4875599,-0.8420933,0.05168017,0.2247072,0.1448898
0.5517797,0.2190638,-0.5918217,0.5517797,17.37915,-0.5918217,0.4895479,-0.8411816,0.05200367,0.2237231,0.1448898
0.5510807,0.2191393,-0.5916131,0.5510807,17.37923,-0.5916131,0.4917343,-0.8400843,0.05259318,0.222912,0.1448898
0.5504508,0.2191474,-0.591557,0.5504508,17.37924,-0.591557,0.4939619,-0.8388319,0.05298723,0.2226097,0.1448898
0.5499303,0.2192173,-0.5915704,0.5499303,17.37931,-0.5915704,0.4962091,-0.8376811,0.05387431,0.2217307,0.1448898
0.549324,0.2193706,-0.5915029,0.549324,17.37946,-0.5915029,0.4984177,-0.8366187,0.05483444,0.2205494,0.1448898
0.5486557,0.2195723,-0.5914292,0.5486557,17.37966,-0.5914292,0.5007858,-0.8355979,0.05459512,0.2191101,0.1448898
0.5486557,0.2195723,-0.5914292,0.5486557,17.37966,-0.5914292,0.5007858,-0.8355979,0.05459512,0.2191101,0.1448898
0.5469112,0.2201896,-0.5915537,0.5469112,17.38028,-0.5915537,0.5059737,-0.8327295,0.05533691,0.217922,0.1448898
0.5459781,0.2205904,-0.5914702,0.5459781,17.38068,-0.5914702,0.5086737,-0.8313209,0.05528007,0.2170273,0.1448898
0.5450976,0.2209158,-0.59112,0.5450976,17.381,-0.59112,0.5112962,-0.8298168,0.05496513,0.2167006,0.1448898
0.5441465,0.2214596,-0.5907989,0.5441465,17.38155,-0.5907989,0.5142834,-0.8282413,0.0544567,0.2157859,0.1448898
0.5432816,0.2218182,-0.5905819,0.5432816,17.38191,-0.5905819,0.5168497,-0.8268726,0.05442728,0.2149086,0.1448898
0.5420945,0.2224846,-0.5900307,0.5420945,17.38257,-0.5900307,0.5200002,-0.825331,0.05365146,0.2134246,0.1448898
0.5411382,0.2228746,-0.5898232,0.5411382,17.38297,-0.5898232,0.5232569,-0.8236353,0.05308003,0.2121546,0.1448898
0.5399876,0.2232957,-0.5893013,0.5399876,17.38338,-0.5893013,0.5265312,-0.8217546,0.05334068,0.2112798,0.1448898
0.5386658,0.2239695,-0.5890584,0.5386658,17.38406,-0.5890584,0.5299022,-0.8197009,0.05254316,0.2110296,0.1448898
0.5372236,0.2247086,-0.5887809,0.5372236,17.3848,-0.5887809,0.5335472,-0.8174542,0.0515907,0.2107947,0.1448898
0.5359497,0.2253854,-0.5879364,0.5359497,17.38548,-0.5879364,0.5371202,-0.8153886,0.04987644,0.2101325,0.1448898
0.5345418,0.226193,-0.5874488,0.5345418,17.38628,-0.5874488,0.5408804,-0.8132221,0.04902525,0.2090805,0.1448898
0.5329859,0.2271264,-0.586822,0.5329859,17.38722,-0.586822,0.5449963,-0.8107116,0.04959984,0.2080039,0.1448898
0.5312822,0.2282145,-0.5861337,0.5312822,17.3883,-0.5861337,0.5497382,-0.8080761,0.04781824,0.2061902,0.1448898
0.5294602,0.2294049,-0.5855601,0.5294602,17.38949,-0.5855601,0.55523,-0.804957,0.04733779,0.203772,0.1448898
0.5272896,0.2306654,-0.5849702,0.5272896,17.39075,-0.5849702,0.5602736,-0.8018484,0.04662007,0.202384,0.1448898
0.5244284,0.2323806,-0.5845153,0.5244284,17.39247,-0.5845153,0.5661746,-0.7980356,0.04621566,0.2011212,0.1448898
0.5216932,0.2344825,-0.5841389,0.5216932,17.39457,-0.5841389,0.5715834,-0.7945663,0.04650598,0.199484,0.1448898
0.5183864,0.2369261,-0.5841758,0.5183864,17.39701,-0.5841758,0.5774809,-0.79086,0.04756554,0.1969617,0.1448898
0.5154934,0.2391098,-0.5843263,0.5154934,17.3992,-0.5843263,0.583196,-0.7872592,0.04735238,0.1945844,0.1448898
0.5124359,0.2416508,-0.5848875,0.5124359,17.40174,-0.5848875,0.587744,-0.7842668,0.04845123,0.1927045,0.1448898
0.508919,0.2440517,-0.5856447,0.508919,17.40414,-0.5856447,0.5928571,-0.7806209,0.04899972,0.1917045,0.1448898
0.5056548,0.2464261,-0.5861626,0.5056548,17.40652,-0.5861626,0.5978448,-0.7770427,0.04892096,0.1907694,0.1448898
0.5021865,0.2488482,-0.5870459,0.5021865,17.40894,-0.5870459,0.6027232,-0.7739577,0.05027897,0.18758,0.1448898
0.4990716,0.2509725,-0.587575,0.4990716,17.41158,-0.587575,0.6074123,-0.7708321,0.05127978,0.1850369,0.1448898
0.4955912,0.2535779,-0.5888057,0.4955912,17.41425,-0.5888057,0.6121033,-0.7681338,0.05382993,0.1800066,0.1448898
0.4921625,0.2561889,-0.5889797,0.4921625,17.41693,-0.5889797,0.6168035,-0.7654583,0.05609466,0.1745864,0.1448898
0.487973,0.2592161,-0.5898566,0.487973,17.42006,-0.5898566,0.6221617,-0.762466,0.0607806,0.1669314,0.1448898
0.4834862,0.2623689,-0.5907993,0.4834862,17.42333,-0.5907993,0.6274475,-0.7590909,0.06567953,0.1605518,0.1448898
0.4787302,0.2661269,-0.5916855,0.4787302,17.42723,-0.5916855,0.6327007,-0.7557997,0.06998648,0.153488,0.1448898
0.4734576,0.2699721,-0.5924981,0.4734576,17.43127,-0.5924981,0.6386443,-0.7520643,0.07306286,0.1455839,0.1448898
0.4683583,0.2734909,-0.5930219,0.4683583,17.43501,-0.5930219,0.6443077,-0.7484201,0.07524639,0.1381053,0.1448898
0.462445,0.2770405,-0.5932119,0.462445,17.43887,-0.5932119,0.6493244,-0.7448213,0.08058471,0.1308638,0.1448898
0.4562566,0.2806103,-0.5924196,0.4562566,17.44283,-0.5924196,0.6539266,-0.7401234,0.08934091,0.1289014,0.1448898
0.4486127,0.2843232,-0.5913892,0.4486127,17.44716,-0.5913892,0.6583602,-0.7342497,0.1006274,0.1315798,0.1448898
0.4409761,0.2885365,-0.5905764,0.4409761,17.45215,-0.5905764,0.6654438,-0.7277041,0.09517051,0.1362859,0.1448898
0.4325635,0.2944305,-0.5889571,0.4325635,17.45917,-0.5889571,0.6712608,-0.7207381,0.09521252,0.1444996,0.1448898
0.4260733,0.2981834,-0.5882845,0.4260733,17.46403,-0.5882845,0.6757503,-0.715982,0.09767066,0.1455739,0.1448898
0.4260733,0.2981834,-0.5882845,0.4260733,17.46403,-0.5882845,0.6757503,-0.715982,0.09767066,0.1455739,0.1448898
0.4126735,0.3097529,-0.5849454,0.4126735,17.47875,-0.5849454,0.6865921,-0.7073392,0.1041835,0.131941,0.1448898
0.4058433,0.3157027,-0.5832291,0.4058433,17.4869,-0.5832291,0.6915909,-0.7034672,0.1066798,0.1243194,0.1448898
0.4002991,0.3240945,-0.5799129,0.4002991,17.49746,-0.5799129,0.6935202,-0.7004919,0.1141429,0.1237426,0.1448898
0.3929269,0.3300273,-0.5785551,0.3929269,17.50691,-0.5785551,0.6979554,-0.6958017,0.1200833,0.1195752,0.1448898
0.3833673,0.3386827,-0.5766737,0.3833673,17.52146,-0.5766737,0.7035245,-0.6921718,0.1204959,0.1069217,0.1448898
0.3736854,0.3459902,-0.5759284,0.3736854,17.53665,-0.5759284,0.7074605,-0.6872282,0.1163981,0.1169131,0.1448898
0.3645432,0.3525522,-0.5745485,0.3645432,17.55285,-0.5745485,0.7118559,-0.6815134,0.1125022,0.1270585,0.1448898
0.3554668,0.3584466,-0.5723727,0.3554668,17.57083,-0.5723727,0.7142574,-0.6770205,0.1126515,0.1370744,0.1448898
0.347147,0.3645804,-0.570564,0.347147,17.59053,-0.570564,0.715475,-0.6739314,0.1140805,0.1445605,0.1448898
0.3386917,0.3704979,-0.5684972,0.3386917,17.61285,-0.5684972,0.7159094,-0.6715274,0.1170343,0.1510884,0.1448898
0.330194,0.3762867,-0.5665176,0.330194,17.63777,-0.5665176,0.7172092,-0.6686178,0.1185018,0.1565839,0.1448898
0.3213329,0.3825772,-0.5648768,0.3213329,17.66656,-0.5648768,0.7173418,-0.6668872,0.1185049,0.1632143,0.1448898
0.3130918,0.3885694,-0.563283,0.3130918,17.69531,-0.563283,0.7170734,-0.6664456,0.117907,0.1665952,0.1448898
0.3037927,0.3947482,-0.5613382,0.3037927,17.72836,-0.5613382,0.7177241,-0.665485,0.1171694,0.1681463,0.1448898
0.2947428,0.4001217,-0.5597186,0.2947428,17.75996,-0.5597186,0.7180159,-0.66694,0.1173236,0.1608711,0.1448898
0.2866929,0.4051943,-0.5580909,0.2866929,17.78748,-0.5580909,0.7183297,-0.6667302,0.1181165,0.1597558,0.1448898
0.2781172,0.4089527,-0.5568752,0.2781172,17.81343,-0.5568752,0.7168354,-0.6675863,0.1194053,0.1619195,0.1448898
0.2691443,0.4125903,-0.5553296,0.2691443,17.83774,-0.5553296,0.7139603,-0.6697322,0.1193827,0.1657329,0.1448898
0.260747,0.416121,-0.5540893,0.260747,17.85797,-0.5540893,0.711736,-0.6717203,0.1183833,0.1679556,0.1448898
0.251936,0.4179771,-0.5531442,0.251936,17.87454,-0.5531442,0.7081591,-0.6757181,0.1155357,0.1690183,0.1448898
0.2427287,0.4196937,-0.5523872,0.2427287,17.88874,-0.5523872,0.7036686,-0.6801275,0.1143797,0.1708637,0.1448898
0.2344184,0.4205197,-0.5516372,0.2344184,17.89859,-0.5516372,0.6985688,-0.6849049,0.1130646,0.173561,0.1448898
0.22493,0.4210193,-0.5511017,0.22493,17.90718,-0.5511017,0.6922202,-0.6910337,0.1112926,0.1758345,0.1448898
0.2157969,0.4208989,-0.5504453,0.2157969,17.91302,-0.5504453,0.6864657,-0.6967199,0.1088502,0.1774763,0.1448898
0.207067,0.4201102,-0.5501993,0.207067,17.9166,-0.5501993,0.6801078,-0.7027705,0.1067215,0.179381,0.1448898
0.1981914,0.4197505,-0.5500331,0.1981914,17.91962,-0.5500331,0.6742796,-0.7079892,0.1049493,0.1818898,0.1448898
0.1889849,0.4181328,-0.5501831,0.1889849,17.92065,-0.5501831,0.6663334,-0.7151474,0.1015178,0.1850891,0.1448898
0.1803391,0.4162264,-0.5503678,0.1803391,17.92061,-0.5503678,0.6587406,-0.7224811,0.09650593,0.1864635,0.1448898
0.1713033,0.4144962,-0.5506082,0.1713033,17.92035,-0.5506082,0.6517103,-0.7291939,0.09319822,0.1867193,0.1448898
0.1620193,0.4116397,-0.5509958,0.1620193,17.91861,-0.5509958,0.6436888,-0.7366809,0.08962289,0.1869055,0.1448898
0.1531875,0.4084823,-0.5513637,0.1531875,17.91625,-0.5513637,0.6352623,-0.7440516,0.085738,0.1883564,0.1448898
0.1433127,0.405514,-0.5515945,0.1433127,17.91393,-0.5515945,0.6262196,-0.7515837,0.08136925,0.1906566,0.1448898
0.1340883,0.4009035,-0.5525985,0.1340883,17.90976,-0.5525985,0.6161458,-0.7594861,0.07607667,0.1943131,0.1448898
0.1251998,0.3975456,-0.5531845,0.1251998,17.90672,-0.5531845,0.6070887,-0.766776,0.07081993,0.1961695,0.1448898
0.1163292,0.3934371,-0.5542412,0.1163292,17.90285,-0.5542412,0.5976784,-0.7749414,0.06468118,0.1950968,0.1448898
0.1075571,0.3890944,-0.5551543,0.1075571,17.89868,-0.5551543,0.5886553,-0.7825555,0.05979309,0.1936923,0.1448898
0.09933305,0.3846397,-0.5556245,0.09933305,17.89435,-0.5556245,0.5796447,-0.7895501,0.05530924,0.1938136,0.1448898
0.09050894,0.3803287,-0.5567856,0.09050894,17.89014,-0.5567856,0.5703588,-0.7962413,0.05103977,0.1951552,0.1448898
0.09050894,0.3803287,-0.5567856,0.09050894,17.89014,-0.5567856,0.5703588,-0.7962413,0.05103977,0.1951552,0.1448898
0.07261515,0.3694518,-0.5583463,0.07261515,17.87939,-0.5583463,0.5493293,-0.809998,0.03998749,0.2013496,0.1448898
0.06514812,0.3645747,-0.5590882,0.06514812,17.87455,-0.5590882,0.5407754,-0.8155801,0.03434506,0.203006,0.1448898
0.05792904,0.3597796,-0.5598109,0.05792904,17.86978,-0.5598109,0.5327326,-0.8212014,0.02861436,0.2024982,0.1448898
0.04998755,0.3549359,-0.5605271,0.04998755,17.86496,-0.5605271,0.5235814,-0.827104,0.02348196,0.2030028,0.1448898
0.04309344,0.3494523,-0.5607185,0.04309344,17.85949,-0.5607185,0.5149418,-0.8325403,0.01959447,0.2032924,0.1448898
0.03686166,0.3439248,-0.5617983,0.03686166,17.85398,-0.5617983,0.5068793,-0.8372657,0.01706389,0.2043736,0.1448898
0.03089738,0.3388228,-0.5623217,0.03089738,17.84888,-0.5623217,0.4985919,-0.8430452,0.01517776,0.2011231,0.1448898
0.02471519,0.3340256,-0.5632806,0.02471519,17.84409,-0.5632806,0.490455,-0.8488413,0.01328998,0.1968392,0.1448898
0.01904154,0.329385,-0.5639467,0.01904154,17.83946,-0.5639467,0.4837011,-0.8538781,0.01319997,0.1917062,0.1448898
0.01377535,0.32478,-0.5646303,0.01377535,17.83486,-0.5646303,0.4774966,-0.8583251,0.01418224,0.1872804,0.1448898
0.008112907,0.3197799,-0.5652409,0.008112907,17.82986,-0.5652409,0.4720163,-0.8617854,0.01378449,0.1853015,0.1448898
0.002734423,0.3147998,-0.566273,0.002734423,17.82488,-0.566273,0.4646576,-0.865729,0.01174035,0.1856578,0.1448898
-0.002500057,0.3106368,-0.5669065,-0.002500057,17.82072,-0.5669065,0.4573946,-0.8694325,0.009720507,0.1865015,0.1448898
-0.007493258,0.3066618,-0.567239,-0.007493258,17.81675,-0.567239,0.4495771,-0.8736941,0.006946219,0.185717,0.1448898
-0.01201534,0.3031735,-0.5672662,-0.01201534,17.81326,-0.5672662,0.4425676,-0.8773888,0.002180245,0.1852513,0.1448898
-0.01484013,0.3002341,-0.5667031,-0.01484013,17.81033,-0.5667031,0.4337887,-0.8793378,-0.007984183,0.1962869,0.1448898
-0.01846647,0.2967954,-0.5671022,-0.01846647,17.80689,-0.5671022,0.4271835,-0.8821201,-0.0128139,0.1980258,0.1448898
-0.02099204,0.2932525,-0.567585,-0.02099204,17.80334,-0.567585,0.4227667,-0.884009,-0.01625553,0.198827,0.1448898
-0.02330256,0.2898986,-0.5682597,-0.02330256,17.79999,-0.5682597,0.4175656,-0.8863704,-0.01713643,0.1992308,0.1448898
-0.02548313,0.2862785,-0.5687582,-0.02548313,17.79637,-0.5687582,0.4128317,-0.8889043,-0.0169625,0.1978168,0.1448898
-0.0283587,0.2827928,-0.5691752,-0.0283587,17.79289,-0.5691752,0.4073566,-0.8913612,-0.01825104,0.1979969,0.1448898
-0.02950764,0.2796171,-0.5696912,-0.02950764,17.78971,-0.5696912,0.4032646,-0.8931294,-0.01970972,0.1982653,0.1448898
-0.0310061,0.2760787,-0.5702696,-0.0310061,17.78617,-0.5702696,0.3995332,-0.894551,-0.02003665,0.1993748,0.1448898
-0.03250027,0.2732751,-0.5706103,-0.03250027,17.78337,-0.5706103,0.3958108,-0.8957012,-0.0203766,0.2015886,0.1448898
-0.03348851,0.2705147,-0.5704224,-0.03348851,17.78061,-0.5704224,0.392648,-0.89697,-0.01996064,0.2021734,0.1448898
-0.03428006,0.2677135,-0.5696187,-0.03428006,17.77781,-0.5696187,0.3902105,-0.8972656,-0.02186661,0.2053585,0.1448898
-0.03396702,0.265208,-0.568239,-0.03396702,17.7753,-0.568239,0.3883931,-0.8946424,-0.02739547,0.2191239,0.1448898
-0.03311324,0.2629364,-0.5673978,-0.03311324,17.77303,-0.5673978,0.3872406,-0.8935924,-0.02880187,0.225184,0.1448898
-0.03218031,0.2606564,-0.5681565,-0.03218031,17.77075,-0.5681565,0.3874301,-0.8932832,-0.02987308,0.2259441,0.1448898
-0.03108668,0.2581234,-0.5685792,-0.03108668,17.76822,-0.5685792,0.3872909,-0.8950423,-0.02860225,0.2192875,0.1448898
-0.03014994,0.2556729,-0.5684476,-0.03014994,17.76577,-0.5684476,0.3875695,-0.896027,-0.02547207,0.21512,0.1448898
-0.02885318,0.2530704,-0.5680001,-0.02885318,17.76316,-0.5680001,0.3904596,-0.8959316,-0.02071386,0.2107578,0.1448898
-0.02771211,0.2508564,-0.5679955,-0.02771211,17.76095,-0.5679955,0.3902587,-0.8957105,-0.02139158,0.2119981,0.1448898
-0.02771211,0.2508564,-0.5679955,-0.02771211,17.76095,-0.5679955,0.3902587,-0.8957105,-0.02139158,0.2119981,0.1448898
-0.02411819,0.2461481,-0.5676267,-0.02411819,17.75624,-0.5676267,0.3918956,-0.8953543,-0.01673477,0.2108992,0.1448898
-0.02259064,0.2442751,-0.568027,-0.02259064,17.75437,-0.568027,0.3920448,-0.8957897,-0.01557868,0.2088516,0.1448898
-0.02127099,0.2417014,-0.5679853,-0.02127099,17.75179,-0.5679853,0.3906181,-0.8973033,-0.01461483,0.2050629,0.1448898
-0.02065635,0.2389183,-0.5683498,-0.02065635,17.74901,-0.5683498,0.3885989,-0.8991843,-0.01443839,0.2006243,0.1448898
-0.02013254,0.2358878,-0.5684283,-0.02013254,17.74598,-0.5684283,0.3865333,-0.900094,-0.01347371,0.2006022,0.1448898
-0.0196147,0.2324567,-0.5687556,-0.0196147,17.74255,-0.5687556,0.3834606,-0.9008101,-0.01174733,0.2033747,0.1448898
-0.02025867,0.2297218,-0.5707784,-0.02025867,17.73981,-0.5707784,0.3807902,-0.9022447,-0.007771384,0.2022203,0.1448898
-0.02134371,0.2273679,-0.5708933,-0.02134371,17.73746,-0.5708933,0.3772207,-0.9048764,-0.006850092,0.1971199,0.1448898
-0.02309704,0.2267544,-0.5742977,-0.02309704,17.73685,-0.5742977,0.3785433,-0.90636,-0.007017716,0.1875294,0.1448898
-0.02378845,0.2264757,-0.5737691,-0.02378845,17.73657,-0.5737691,0.3759618,-0.9064688,0.007707849,0.1921136,0.1448898
-0.02459073,0.2293708,-0.5714016,-0.02459073,17.73946,-0.5714016,0.3775121,-0.9008905,0.02682188,0.2125125,0.1448898
-0.02666116,0.2333088,-0.5705912,-0.02666116,17.7434,-0.5705912,0.3881651,-0.8976845,0.02810217,0.2066416,0.1448898
-0.02786827,0.2372727,-0.5727379,-0.02786827,17.74737,-0.5727379,0.3882484,-0.8982568,-0.03031033,0.2036646,0.1448898
-0.02741361,0.2322605,-0.5747197,-0.02741361,17.74235,-0.5747197,0.3941666,-0.8963292,-0.005480943,0.2029696,0.1448898
-0.02741361,0.2322605,-0.5747197,-0.02741361,17.74235,-0.5747197,0.3941666,-0.8963292,-0.005480943,0.2029696,0.1448898
-0.02666473,0.2295752,-0.5750475,-0.02666473,17.73967,-0.5750475,0.392171,-0.8957312,0.0136637,0.2089995,0.1448898
-0.02675748,0.2293682,-0.574811,-0.02675748,17.73946,-0.574811,0.3931612,-0.8967969,0.0162482,0.2022761,0.1448898
-0.027246,0.229126,-0.5763898,-0.027246,17.73922,-0.5763898,0.3918963,-0.8966281,0.01001274,0.2058523,0.1448898
-0.027246,0.229126,-0.5763898,-0.027246,17.73922,-0.5763898,0.3918963,-0.8966281,0.01001274,0.2058523,0.1448898
-0.02828836,0.229439,-0.5767477,-0.02828836,17.73953,-0.5767477,0.3918129,-0.8950228,0.01138596,0.2128078,0.1448898
-0.02888441,0.2289956,-0.5781178,-0.02888441,17.73909,-0.5781178,0.3899888,-0.8929276,0.01005433,0.2246954,0.1448898
-0.02854705,0.2292457,-0.5790765,-0.02854705,17.73934,-0.5790765,0.389257,-0.8939506,0.01331406,0.2217072,0.1448898
-0.02822113,0.2289097,-0.5802078,-0.02822113,17.739,-0.5802078,0.3891253,-0.8946828,0.01782268,0.2186472,0.1448898
-0.02758121,0.2285924,-0.5811391,-0.02758121,17.73869,-0.5811391,0.3886628,-0.8954841,0.02259983,0.2157286,0.1448898
-0.02775002,0.2284877,-0.5815299,-0.02775002,17.73858,-0.5815299,0.3880594,-0.8951336,0.02360854,0.2181476,0.1448898
-0.02793384,0.2282705,-0.5815191,-0.02793384,17.73837,-0.5815191,0.3877352,-0.8943498,0.0229177,0.2219792,0.1448898
-0.02858829,0.2276604,-0.5814846,-0.02858829,17.73775,-0.5814846,0.3875466,-0.8931925,0.02160231,0.2270424,0.1448898
-0.02906752,0.2275691,-0.5815055,-0.02906752,17.73766,-0.5815055,0.3880637,-0.8920954,0.02197876,0.2304111,0.1448898
-0.02887678,0.2272711,-0.5820072,-0.02887678,17.73737,-0.5820072,0.3886485,-0.8918802,0.02383093,0.2300743,0.1448898
-0.02868271,0.2271419,-0.5827105,-0.02868271,17.73724,-0.5827105,0.3894648,-0.8919846,0.02618743,0.2280239,0.1448898
-0.02879238,0.2270224,-0.5836313,-0.02879238,17.73712,-0.5836313,0.3907471,-0.8920721,0.02984713,0.2250185,0.1448898
-0.02879238,0.2270224,-0.5836313,-0.02879238,17.73712,-0.5836313,0.3907471,-0.8920721,0.02984713,0.2250185,0.1448898
-0.02938294,0.2267935,-0.5844727,-0.02938294,17.73689,-0.5844727,0.3921031,-0.8919659,0.03305357,0.2226196,0.1448898
-0.02938294,0.2267935,-0.5844727,-0.02938294,17.73689,-0.5844727,0.3921031,-0.8919659,0.03305357,0.2226196,0.1448898
-0.03052473,0.2262628,-0.5848153,-0.03052473,17.73636,-0.5848153,0.3946525,-0.8897295,0.03478169,0.2267623,0.1448898
-0.03092432,0.2260132,-0.5850196,-0.03092432,17.73611,-0.5850196,0.3963681,-0.88867,0.03530957,0.2278403,0.1448898
-0.03099346,0.2260158,-0.5853946,-0.03099346,17.73611,-0.5853946,0.3975873,-0.8879976,0.03695325,0.2280769,0.1448898
-0.03114891,0.2259073,-0.5858185,-0.03114891,17.736,-0.5858185,0.3993752,-0.8875014,0.039434,0.2264636,0.1448898
-0.0314157,0.2258339,-0.5862474,-0.0314157,17.73593,-0.5862474,0.4007834,-0.887524,0.04132112,0.2235314,0.1448898
-0.03166366,0.2257273,-0.5865924,-0.03166366,17.73582,-0.5865924,0.4021388,-0.8868784,0.04305052,0.2233331,0.1448898
-0.03186989,0.2255011,-0.5869241,-0.03186989,17.7356,-0.5869241,0.4035745,-0.8861216,0.04420699,0.2235218,0.1448898
-0.03213429,0.2256997,-0.5871906,-0.03213429,17.73579,-0.5871906,0.405268,-0.8844314,0.04611916,0.2267419,0.1448898
-0.03236175,0.2259676,-0.5873864,-0.03236175,17.73606,-0.5873864,0.405846,-0.884051,0.04663885,0.2270855,0.1448898
-0.03236175,0.2259676,-0.5873864,-0.03236175,17.73606,-0.5873864,0.405846,-0.884051,0.04663885,0.2270855,0.1448898
-0.0321753,0.2258308,-0.5881729,-0.0321753,17.73592,-0.5881729,0.4066633,-0.8843667,0.05087697,0.2234548,0.1448898
-0.03200889,0.2259569,-0.5882411,-0.03200889,17.73605,-0.5882411,0.4067383,-0.8842553,0.05273127,0.2233294,0.1448898
-0.03200889,0.2259569,-0.5882411,-0.03200889,17.73605,-0.5882411,0.4067383,-0.8842553,0.05273127,0.2233294,0.1448898
-0.03177476,0.2259789,-0.5888779,-0.03177476,17.73607,-0.5888779,0.4068986,-0.884114,0.05583886,0.2228408,0.1448898
-0.03177094,0.2259064,-0.5890892,-0.03177094,17.736,-0.5890892,0.4072754,-0.884342,0.0562466,0.2211385,0.1448898
-0.03178835,0.2259424,-0.5892363,-0.03178835,17.73604,-0.5892363,0.407387,-0.8844077,0.05591207,0.2207549,0.1448898
-0.03177238,0.2258348,-0.5892935,-0.03177238,17.73593,-0.5892935,0.4071997,-0.8843358,0.05596695,0.221374,0.1448898
-0.03168988,0.2257252,-0.589535,-0.03168988,17.73582,-0.589535,0.4070384,-0.8842001,0.05663997,0.2220404,0.1448898
-0.03155255,0.2256169,-0.5895562,-0.03155255,17.73571,-0.5895562,0.4069239,-0.8845519,0.05706836,0.2207354,0.1448898
-0.03146052,0.2255933,-0.5898921,-0.03146052,17.73569,-0.5898921,0.4069001,-0.8846477,0.05770196,0.2202301,0.1448898
-0.03146052,0.2255933,-0.5898921,-0.03146052,17.73569,-0.5898921,0.4069001,-0.8846477,0.05770196,0.2202301,0.1448898
-0.03156257,0.2257862,-0.5899377,-0.03156257,17.73588,-0.5899377,0.4070433,-0.884691,0.05820335,0.2196589,0.1448898
-0.03140497,0.2257843,-0.5899181,-0.03140497,17.73588,-0.5899181,0.407353,-0.8846754,0.05870249,0.2190137,0.1448898
-0.0314815,0.225796,-0.5900509,-0.0314815,17.73589,-0.5900509,0.4079863,-0.8843414,0.05967216,0.2189219,0.1448898
-0.03137994,0.2257602,-0.5902143,-0.03137994,17.73585,-0.5902143,0.4084648,-0.8842174,0.06108433,0.2181393,0.1448898
-0.03137994,0.2257602,-0.5902143,-0.03137994,17.73585,-0.5902143,0.4084648,-0.8842174,0.06108433,0.2181393,0.1448898
-0.03133917,0.2257128,-0.5903821,-0.03133917,17.73581,-0.5903821,0.4090433,-0.8839961,0.06234579,0.2175949,0.1448898
-0.03131437,0.2257779,-0.5902438,-0.03131437,17.73587,-0.5902438,0.4102269,-0.8839657,0.06310929,0.2152574,0.1448898
-0.03110456,0.2257302,-0.5903332,-0.03110456,17.73582,-0.5903332,0.4110704,-0.8838994,0.06370281,0.2137405,0.1448898
-0.03116918,0.2257912,-0.5904303,-0.03116918,17.73589,-0.5904303,0.4119399,-0.8835349,0.06403179,0.2134747,0.1448898
-0.03120089,0.2255514,-0.5906157,-0.03120089,17.73565,-0.5906157,0.412502,-0.8833178,0.06429723,0.2132079,0.1448898
-0.03132963,0.2254596,-0.5907466,-0.03132963,17.73555,-0.5907466,0.4131008,-0.8829712,0.06467711,0.2133692,0.1448898
-0.03132963,0.2254596,-0.5907466,-0.03132963,17.73555,-0.5907466,0.4131008,-0.8829712,0.06467711,0.2133692,0.1448898
-0.0316453,0.2255681,-0.5901802,-0.0316453,17.73566,-0.5901802,0.4146727,-0.882427,0.06504127,0.2124589,0.1448898
-0.03205109,0.2254169,-0.5899544,-0.03205109,17.73551,-0.5899544,0.4150454,-0.8820931,0.06474838,0.2132059,0.1448898
-0.03256917,0.2251537,-0.5897791,-0.03256917,17.73525,-0.5897791,0.4165261,-0.8810987,0.06393304,0.214671,0.1448898
-0.03306437,0.2252672,-0.5896351,-0.03306437,17.73536,-0.5896351,0.41721,-0.880582,0.06348713,0.2155937,0.1448898
-0.03306437,0.2252672,-0.5896351,-0.03306437,17.73536,-0.5896351,0.41721,-0.880582,0.06348713,0.2155937,0.1448898
-0.03334856,0.2252736,-0.589391,-0.03334856,17.73537,-0.589391,0.4190623,-0.879878,0.06334614,0.2149157,0.1448898
-0.0335021,0.2252228,-0.5892065,-0.0335021,17.73532,-0.5892065,0.4200224,-0.8796046,0.06311212,0.2142285,0.1448898
-0.0335021,0.2252228,-0.5892065,-0.0335021,17.73532,-0.5892065,0.4200224,-0.8796046,0.06311212,0.2142285,0.1448898
-0.03377295,0.2251766,-0.5890536,-0.03377295,17.73527,-0.5890536,0.4207361,-0.8790265,0.06309713,0.215203,0.1448898
-0.03430986,0.2250354,-0.5885985,-0.03430986,17.73513,-0.5885985,0.4215066,-0.8783917,0.06255946,0.2164409,0.1448898
-0.03490281,0.2248456,-0.5880327,-0.03490281,17.73494,-0.5880327,0.421979,-0.877524,0.06118195,0.2194134,0.1448898
-0.03543591,0.2246513,-0.5875113,-0.03543591,17.73475,-0.5875113,0.4227355,-0.8766918,0.05945739,0.2217454,0.1448898
-0.03605199,0.2246838,-0.5867095,-0.03605199,17.73478,-0.5867095,0.4238232,-0.8759193,0.05846849,0.2229813,0.1448898
-0.03753161,0.2241018,-0.5864105,-0.03753161,17.7342,-0.5864105,0.4262562,-0.8745155,0.05676191,0.2242912,0.1448898
-0.03795528,0.2238395,-0.5862761,-0.03795528,17.73393,-0.5862761,0.4276395,-0.8736288,0.05640771,0.2252007,0.1448898
-0.03795528,0.2238395,-0.5862761,-0.03795528,17.73393,-0.5862761,0.4276395,-0.8736288,0.05640771,0.2252007,0.1448898
-0.03817153,0.2237546,-0.5860512,-0.03817153,17.73385,-0.5860512,0.4289766,-0.8727789,0.05604596,0.2260418,0.1448898
-0.03901672,0.2236269,-0.5854688,-0.03901672,17.73372,-0.5854688,0.4309035,-0.8713833,0.05467878,0.2280866,0.1448898
-0.03938127,0.2235878,-0.5853086,-0.03938127,17.73368,-0.5853086,0.4320535,-0.8708096,0.05390659,0.2282861,0.1448898
-0.03974438,0.223547,-0.5851851,-0.03974438,17.73364,-0.5851851,0.4333148,-0.8704069,0.0541409,0.227374,0.1448898
-0.03998566,0.2233944,-0.5850213,-0.03998566,17.73349,-0.5850213,0.4343713,-0.8696189,0.05406213,0.2283899,0.1448898
-0.03998566,0.2233944,-0.5850213,-0.03998566,17.73349,-0.5850213,0.4343713,-0.8696189,0.05406213,0.2283899,0.1448898
-0.04043412,0.2235861,-0.5850124,-0.04043412,17.73368,-0.5850124,0.4355204,-0.8691192,0.05431059,0.2280442,0.1448898
-0.04066586,0.2236617,-0.5851295,-0.04066586,17.73376,-0.5851295,0.4365419,-0.8687137,0.05447797,0.2275959,0.1448898
-0.04078341,0.2236905,-0.5851533,-0.04078341,17.73378,-0.5851533,0.4376886,-0.8683577,0.053924,0.2268828,0.1448898
-0.04073858,0.223392,-0.5854299,-0.04073858,17.73349,-0.5854299,0.4387076,-0.8680403,0.05465398,0.2259527,0.1448898
-0.04096341,0.2233388,-0.5854855,-0.04096341,17.73343,-0.5854855,0.4398733,-0.8675277,0.05528411,0.2255013,0.1448898
-0.0411756,0.2232981,-0.5853236,-0.0411756,17.73339,-0.5853236,0.441178,-0.8670382,0.05526982,0.2248377,0.1448898
-0.04199433,0.2235217,-0.5854242,-0.04199433,17.73362,-0.5854242,0.4432897,-0.8658516,0.05534055,0.2252392,0.1448898
-0.04216003,0.2234638,-0.5855277,-0.04216003,17.73356,-0.5855277,0.4441617,-0.8652877,0.0557689,0.2255825,0.1448898
-0.0423193,0.2233849,-0.5857003,-0.0423193,17.73348,-0.5857003,0.4452636,-0.8647208,0.05615035,0.2254892,0.1448898
-0.04255366,0.2232919,-0.585799,-0.04255366,17.73339,-0.585799,0.446291,-0.8642159,0.05637838,0.225337,0.1448898
-0.04255366,0.2232919,-0.585799,-0.04255366,17.73339,-0.585799,0.446291,-0.8642159,0.05637838,0.225337,0.1448898
-0.04283118,0.2232652,-0.585948,-0.04283118,17.73336,-0.585948,0.4475723,-0.8632962,0.05634302,0.2263276,0.1448898
-0.04283118,0.2232652,-0.585948,-0.04283118,17.73336,-0.585948,0.4475723,-0.8632962,0.05634302,0.2263276,0.1448898
-0.04375792,0.2233748,-0.5857799,-0.04375792,17.73347,-0.5857799,0.4506675,-0.8620048,0.05635095,0.2251026,0.1448898
-0.0440793,0.2233849,-0.5853791,-0.0440793,17.73348,-0.5853791,0.4523518,-0.8612534,0.0566122,0.2245339,0.1448898
-0.04455924,0.2234149,-0.5853317,-0.04455924,17.73351,-0.5853317,0.4543336,-0.8604078,0.05689832,0.2237007,0.1448898
-0.04520679,0.2233374,-0.5854063,-0.04520679,17.73343,-0.5854063,0.4567198,-0.8589963,0.05646191,0.2243757,0.1448898
-0.04558587,0.2233374,-0.5855167,-0.04558587,17.73343,-0.5855167,0.4582051,-0.8580921,0.05644864,0.2248103,0.1448898
-0.04605055,0.2232292,-0.5855496,-0.04605055,17.73332,-0.5855496,0.4601882,-0.8569648,0.05668428,0.2250003,0.1448898
-0.04653955,0.2232769,-0.5855532,-0.04653955,17.73337,-0.5855532,0.4620106,-0.8558604,0.05624793,0.225578,0.1448898
-0.0468545,0.2234023,-0.5855212,-0.0468545,17.7335,-0.5855212,0.4636932,-0.8548818,0.05552019,0.2260159,0.1448898
-0.04724097,0.2235315,-0.5853493,-0.04724097,17.73363,-0.5853493,0.465425,-0.8542676,0.05493042,0.2249202,0.1448898
-0.04751968,0.2235994,-0.5848441,-0.04751968,17.73369,-0.5848441,0.469048,-0.8526628,0.05517916,0.2234176,0.1448898
-0.04798341,0.2235796,-0.5845475,-0.04798341,17.73367,-0.5845475,0.4709269,-0.8516881,0.05431882,0.2233936,0.1448898
-0.04846478,0.2235751,-0.584317,-0.04846478,17.73367,-0.584317,0.4726516,-0.8505977,0.0539287,0.2239998,0.1448898
-0.04872942,0.2237427,-0.584079,-0.04872942,17.73384,-0.584079,0.4746193,-0.8495395,0.05336037,0.2239905,0.1448898
-0.04964781,0.2240241,-0.5838633,-0.04964781,17.73412,-0.5838633,0.476947,-0.8484731,0.05304745,0.2231613,0.1448898
-0.04964781,0.2240241,-0.5838633,-0.04964781,17.73412,-0.5838633,0.476947,-0.8484731,0.05304745,0.2231613,0.1448898
-0.05012822,0.2240992,-0.5837603,-0.05012822,17.73419,-0.5837603,0.4794241,-0.8473638,0.05253195,0.222188,0.1448898
-0.05044937,0.224314,-0.5833375,-0.05044937,17.73441,-0.5833375,0.4814402,-0.8464484,0.05282317,0.2212467,0.1448898
-0.05120659,0.2245755,-0.5830822,-0.05120659,17.73467,-0.5830822,0.4839275,-0.8451784,0.05202781,0.2208639,0.1448898
-0.05210352,0.2250938,-0.5824449,-0.05210352,17.73519,-0.5824449,0.4885307,-0.8429022,0.05079416,0.2197124,0.1448898
-0.05210352,0.2250938,-0.5824449,-0.05210352,17.73519,-0.5824449,0.4885307,-0.8429022,0.05079416,0.2197124,0.1448898
-0.05282927,0.2252195,-0.5820615,-0.05282927,17.73531,-0.5820615,0.4907953,-0.8418149,0.05062483,0.2188714,0.1448898
-0.05355763,0.225534,-0.5816097,-0.05355763,17.73563,-0.5816097,0.4934906,-0.8403958,0.04919259,0.218591,0.1448898
-0.05525637,0.2267048,-0.5806611,-0.05525637,17.7368,-0.5806611,0.4991224,-0.8375775,0.04680398,0.2171412,0.1448898
-0.05525637,0.2267048,-0.5806611,-0.05525637,17.7368,-0.5806611,0.4991224,-0.8375775,0.04680398,0.2171412,0.1448898
-0.05639172,0.2276721,-0.579998,-0.05639172,17.73777,-0.579998,0.5024889,-0.8360181,0.04490214,0.2157836,0.1448898
-0.05671048,0.2284377,-0.5789855,-0.05671048,17.73853,-0.5789855,0.5053756,-0.8346393,0.0436494,0.2146337,0.1448898
-0.05880094,0.2301614,-0.5780957,-0.05880094,17.74026,-0.5780957,0.5112768,-0.8318143,0.04090885,0.2121496,0.1448898
-0.05943704,0.2311785,-0.5779033,-0.05943704,17.74127,-0.5779033,0.5147533,-0.8302592,0.04083056,0.209837,0.1448898
-0.05943704,0.2311785,-0.5779033,-0.05943704,17.74127,-0.5779033,0.5147533,-0.8302592,0.04083056,0.209837,0.1448898
-0.06078029,0.2321496,-0.5776093,-0.06078029,17.74224,-0.5776093,0.5179971,-0.8288563,0.04149484,0.2072544,0.1448898
-0.06242657,0.2335322,-0.5778205,-0.06242657,17.74363,-0.5778205,0.5213794,-0.8276637,0.04229908,0.2033398,0.1448898
-0.06323791,0.2350385,-0.5774589,-0.06323791,17.74513,-0.5774589,0.5249193,-0.8258041,0.04056097,0.2021441,0.1448898
-0.0646112,0.2362964,-0.5775909,-0.0646112,17.74639,-0.5775909,0.5287846,-0.823594,0.03911168,0.2013705,0.1448898
-0.06710052,0.2393317,-0.5779688,-0.06710052,17.74943,-0.5779688,0.5369617,-0.8198521,0.0399378,0.1947298,0.1448898
-0.06850934,0.2404859,-0.5784988,-0.06850934,17.75058,-0.5784988,0.5416338,-0.8178532,0.04115969,0.1898815,0.1448898
-0.06850934,0.2404859,-0.5784988,-0.06850934,17.75058,-0.5784988,0.5416338,-0.8178532,0.04115969,0.1898815,0.1448898
-0.07000017,0.2416835,-0.5785632,-0.07000017,17.75178,-0.5785632,0.5460375,-0.8157423,0.04169983,0.1861954,0.1448898
-0.07228875,0.2432835,-0.5777392,-0.07228875,17.75338,-0.5777392,0.5514706,-0.812683,0.04341098,0.1831449,0.1448898
-0.07228875,0.2432835,-0.5777392,-0.07228875,17.75338,-0.5777392,0.5514706,-0.812683,0.04341098,0.1831449,0.1448898
-0.07631302,0.2461898,-0.5778558,-0.07631302,17.75628,-0.5778558,0.5612442,-0.8069755,0.0445723,0.1783504,0.1448898
-0.07879949,0.2483296,-0.578527,-0.07879949,17.75842,-0.578527,0.5669328,-0.8035552,0.04611472,0.1753844,0.1448898
-0.08206987,0.2501569,-0.5789688,-0.08206987,17.76053,-0.5789688,0.5739542,-0.79927,0.04768412,0.1716693,0.1448898
-0.08560395,0.2524979,-0.579412,-0.08560395,17.76291,-0.579412,0.5808789,-0.7948728,0.04977536,0.168165,0.1448898
-0.08956647,0.2551382,-0.5798068,-0.08956647,17.76559,-0.5798068,0.5877709,-0.7902983,0.05239419,0.1649511,0.1448898
-0.09462643,0.2577169,-0.5803246,-0.09462643,17.76823,-0.5803246,0.5952859,-0.7849584,0.05487937,0.1626755,0.1448898
-0.09977221,0.2609768,-0.5809422,-0.09977221,17.77157,-0.5809422,0.603118,-0.7791585,0.05770486,0.1607201,0.1448898
-0.104495,0.2638509,-0.5816226,-0.104495,17.77453,-0.5816226,0.6100994,-0.7740919,0.06034519,0.1578571,0.1448898
-0.1097577,0.2675018,-0.5823936,-0.1097577,17.77829,-0.5823936,0.6176559,-0.7684573,0.06342217,0.1547655,0.1448898
-0.1227429,0.2775564,-0.5845881,-0.1227429,17.78872,-0.5845881,0.6335595,-0.7569703,0.06814252,0.144758,0.1448898
-0.1296079,0.2822394,-0.5851521,-0.1296079,17.79367,-0.5851521,0.6402274,-0.7525627,0.06798547,0.1383338,0.1448898
-0.1376884,0.2876549,-0.5847688,-0.1376884,17.79949,-0.5847688,0.6455822,-0.7481631,0.07576366,0.1331744,0.1448898
-0.1458492,0.2924142,-0.5835121,-0.1458492,17.80479,-0.5835121,0.6515031,-0.7424068,0.08396798,0.1316254,0.1448898
-0.1458492,0.2924142,-0.5835121,-0.1458492,17.80479,-0.5835121,0.6515031,-0.7424068,0.08396798,0.1316254,0.1448898
-0.15517,0.296742,-0.5822415,-0.15517,17.80994,-0.5822415,0.6575977,-0.7343928,0.0843572,0.1453148,0.1448898
-0.1629901,0.3017097,-0.5816031,-0.1629901,17.81582,-0.5816031,0.6638095,-0.7264557,0.08216994,0.1576931,0.1448898
-0.1778233,0.3140364,-0.5800445,-0.1778233,17.83066,-0.5800445,0.6774284,-0.7113912,0.07907271,0.1695906,0.1448898
-0.1778233,0.3140364,-0.5800445,-0.1778233,17.83066,-0.5800445,0.6774284,-0.7113912,0.07907271,0.1695906,0.1448898
-0.1855938,0.3213952,-0.5786433,-0.1855938,17.83991,-0.5786433,0.6849668,-0.7078916,0.07881809,0.1532894,0.1448898
-0.191067,0.3302543,-0.577703,-0.191067,17.8504,-0.577703,0.6891516,-0.7040101,0.08010753,0.1517322,0.1448898
-0.1971753,0.3390536,-0.5760689,-0.1971753,17.86139,-0.5760689,0.6943651,-0.7013404,0.08758783,0.1353036,0.1448898
-0.2064705,0.3481009,-0.5739095,-0.2064705,17.87467,-0.5739095,0.7012551,-0.6952819,0.0877267,0.1308756,0.1448898
-0.2226374,0.3649473,-0.5709057,-0.2226374,17.90236,-0.5709057,0.7101514,-0.6843258,0.08291191,0.1432095,0.1448898
-0.2226374,0.3649473,-0.5709057,-0.2226374,17.90236,-0.5709057,0.7101514,-0.6843258,0.08291191,0.1432095,0.1448898
-0.2410679,0.3802476,-0.5671995,-0.2410679,17.9377,-0.5671995,0.7156937,-0.6757914,0.07691772,0.1586575,0.1448898
-0.2503963,0.3869214,-0.5656149,-0.2503963,17.9586,-0.5656149,0.7171277,-0.6715758,0.07701487,0.1696539,0.1448898
-0.2503963,0.3869214,-0.5656149,-0.2503963,17.9586,-0.5656149,0.7171277,-0.6715758,0.07701487,0.1696539,0.1448898
-0.2684627,0.3995492,-0.5619109,-0.2684627,18.00783,-0.5619109,0.7185154,-0.6667005,0.0740541,0.1837448,0.1448898
-0.2684627,0.3995492,-0.5619109,-0.2684627,18.00783,-0.5619109,0.7185154,-0.6667005,0.0740541,0.1837448,0.1448898
-0.2858765,0.410253,-0.5588944,-0.2858765,18.06407,-0.5588944,0.7184271,-0.6655771,0.0695008,0.1898402,0.1448898
-0.294996,0.4143264,-0.5573099,-0.294996,18.0944,-0.5573099,0.7173156,-0.6664044,0.06947803,0.1911451,0.1448898
-0.294996,0.4143264,-0.5573099,-0.294996,18.0944,-0.5573099,0.7173156,-0.6664044,0.06947803,0.1911451,0.1448898
-0.304755,0.4184709,-0.5556343,-0.304755,18.12687,-0.5556343,0.7154629,-0.6676259,0.06806754,0.1943073,0.1448898
-0.304755,0.4184709,-0.5556343,-0.304755,18.12687,-0.5556343,0.7154629,-0.6676259,0.06806754,0.1943073,0.1448898
-0.3349197,0.4268821,-0.5510449,-0.3349197,18.21044,-0.5510449,0.7052217,-0.6764264,0.05727018,0.2045237,0.1448898
-0.3349197,0.4268821,-0.5510449,-0.3349197,18.21044,-0.5510449,0.7052217,-0.6764264,0.05727018,0.2045237,0.1448898
-0.344806,0.4275554,-0.5493102,-0.344806,18.229,-0.5493102,0.6999699,-0.6811661,0.05531821,0.2073519,0.1448898
-0.3657503,0.4292933,-0.5461624,-0.3657503,18.25753,-0.5461624,0.6899164,-0.6902503,0.05091246,0.2120795,0.1448898
-0.3773406,0.4268359,-0.5443161,-0.3773406,18.26463,-0.5443161,0.6828513,-0.6965365,0.0474453,0.2151744,0.1448898
-0.3886151,0.4239205,-0.5424573,-0.3886151,18.26839,-0.5424573,0.6735042,-0.7038438,0.04448199,0.2213986,0.1448898
-0.3979226,0.42197,-0.540596,-0.3979226,18.27047,-0.540596,0.6644865,-0.7103591,0.04084753,0.2284276,0.1448898
-0.4080563,0.4202843,-0.5392339,-0.4080563,18.27203,-0.5392339,0.6557167,-0.7170859,0.03702455,0.233351,0.1448898
-0.4189048,0.4174893,-0.537497,-0.4189048,18.27173,-0.537497,0.6455572,-0.7256361,0.03268318,0.2358815,0.1448898
-0.4189048,0.4174893,-0.537497,-0.4189048,18.27173,-0.537497,0.6455572,-0.7256361,0.03268318,0.2358815,0.1448898
-0.4395826,0.4101048,-0.5335379,-0.4395826,18.26724,-0.5335379,0.6236128,-0.7439967,0.02599238,0.2385382,0.1448898
-0.4395826,0.4101048,-0.5335379,-0.4395826,18.26724,-0.5335379,0.6236128,-0.7439967,0.02599238,0.2385382,0.1448898
-0.4497545,0.4057198,-0.5315695,-0.4497545,18.2637,-0.5315695,0.6124301,-0.7535812,0.02231501,0.2377956,0.1448898
-0.4592704,0.401993,-0.529335,-0.4592704,18.26055,-0.529335,0.6018069,-0.7625039,0.0197221,0.2367009,0.1448898
-0.469089,0.3972087,-0.5275803,-0.469089,18.25619,-0.5275803,0.5904679,-0.7723772,0.01871233,0.2333048,0.1448898
-0.4789953,0.3919723,-0.5253878,-0.4789953,18.25127,-0.5253878,0.5785403,-0.7820544,0.01788465,0.2310028,0.1448898
-0.4988992,0.3812511,-0.5209153,-0.4988992,18.24094,-0.5209153,0.5552367,-0.7984343,0.01556768,0.2323199,0.1448898
-0.5086727,0.3755953,-0.5185044,-0.5086727,18.2354,-0.5185044,0.5432552,-0.8055009,0.0148535,0.2362658,0.1448898
-0.517514,0.3697991,-0.5159855,-0.517514,18.22968,-0.5159855,0.5312293,-0.8131789,0.01227217,0.2374551,0.1448898
-0.517514,0.3697991,-0.5159855,-0.517514,18.22968,-0.5159855,0.5312293,-0.8131789,0.01227217,0.2374551,0.1448898
-0.527624,0.363786,-0.5134072,-0.527624,18.22373,-0.5134072,0.5183823,-0.8216824,0.01024882,0.2366707,0.1448898
-0.5365167,0.3581967,-0.5111346,-0.5365167,18.21818,-0.5111346,0.5067329,-0.8290519,0.008748704,0.2362588,0.1448898
-0.5450974,0.3529956,-0.5086029,-0.5450974,18.21301,-0.5086029,0.4952644,-0.8359646,0.007488693,0.2362633,0.1448898
-0.5536836,0.3475993,-0.5060928,-0.5536836,18.20763,-0.5060928,0.4855334,-0.8417966,0.007138243,0.2357646,0.1448898
-0.5613617,0.3429894,-0.5041876,-0.5613617,18.20304,-0.5041876,0.4759053,-0.8481708,0.008099529,0.2324972,0.1448898
-0.5675563,0.3385499,-0.501611,-0.5675563,18.19861,-0.501611,0.4664831,-0.8543284,0.009962388,0.2289483,0.1448898
-0.5747528,0.3340459,-0.4990742,-0.5747528,18.19411,-0.4990742,0.4567997,-0.8602538,0.01127285,0.2262088,0.1448898
-0.5803587,0.3295624,-0.4972463,-0.5803587,18.18964,-0.4972463,0.447405,-0.8671453,0.01513032,0.2183092,0.1448898
-0.5866358,0.3255293,-0.4951396,-0.5866358,18.18561,-0.4951396,0.4386373,-0.8728614,0.01717378,0.2131089,0.1448898
-0.5923593,0.3212452,-0.4930174,-0.5923593,18.18133,-0.4930174,0.4306706,-0.8777877,0.01985773,0.2088473,0.1448898
-0.5977408,0.3174741,-0.4909844,-0.5977408,18.17756,-0.4909844,0.4215484,-0.8829141,0.02353204,0.2054407,0.1448898
-0.6030976,0.313946,-0.4887769,-0.6030976,18.17403,-0.4887769,0.412547,-0.8875681,0.02550948,0.2034138,0.1448898
-0.6088372,0.3100927,-0.4863749,-0.6088372,18.17018,-0.4863749,0.4031966,-0.8917783,0.02543841,0.203757,0.1448898
-0.6131492,0.3074007,-0.4847283,-0.6131492,18.16749,-0.4847283,0.3943015,-0.8954837,0.02193838,0.2053143,0.1448898
-0.6172442,0.3042293,-0.4824824,-0.6172442,18.16432,-0.4824824,0.3862691,-0.8992743,0.02041131,0.2041699,0.1448898
-0.6213863,0.3004515,-0.4800797,-0.6213863,18.16054,-0.4800797,0.3782865,-0.9031466,0.02239949,0.2018015,0.1448898
-0.6250395,0.2969427,-0.4772496,-0.6250395,18.15704,-0.4772496,0.3711364,-0.9057614,0.02278632,0.2033097,0.1448898
-0.6250395,0.2969427,-0.4772496,-0.6250395,18.15704,-0.4772496,0.3711364,-0.9057614,0.02278632,0.2033097,0.1448898
-0.629813,0.2898843,-0.4721112,-0.629813,18.14998,-0.4721112,0.3579992,-0.9087711,0.02782694,0.2125966,0.1448898
-0.631278,0.2876678,-0.4706607,-0.631278,18.14776,-0.4706607,0.3535069,-0.9111312,0.02829452,0.209934,0.1448898
-0.6328523,0.285116,-0.4691768,-0.6328523,18.14521,-0.4691768,0.3486071,-0.9143479,0.02802464,0.2040973,0.1448898
-0.6336333,0.2819533,-0.467629,-0.6336333,18.14205,-0.467629,0.3451714,-0.9176216,0.03047605,0.1946754,0.1448898
-0.6350317,0.2795978,-0.4662707,-0.6350317,18.13969,-0.4662707,0.3421298,-0.9191157,0.03221963,0.1927058,0.1448898
-0.6357164,0.2769725,-0.4652474,-0.6357164,18.13707,-0.4652474,0.3405324,-0.9193434,0.03148728,0.1945609,0.1448898
-0.6370169,0.2737238,-0.463871,-0.6370169,18.13382,-0.463871,0.3383355,-0.9197824,0.03019458,0.196514,0.1448898
-0.6386839,0.2710495,-0.4623675,-0.6386839,18.13115,-0.4623675,0.3357774,-0.9204666,0.03038399,0.1976653,0.1448898
-0.6400139,0.2680957,-0.4608314,-0.6400139,18.12819,-0.4608314,0.3322857,-0.9208632,0.02939183,0.2018248,0.1448898
-0.6408767,0.2655463,-0.4591269,-0.6408767,18.12564,-0.4591269,0.3300248,-0.9209334,0.02874853,0.2052775,0.1448898
-0.6409816,0.2634068,-0.4575768,-0.6409816,18.1235,-0.4575768,0.3284154,-0.9201711,0.02529272,0.2116338,0.1448898
-0.6399286,0.2610462,-0.4561288,-0.6399286,18.12114,-0.4561288,0.3276764,-0.9202709,0.02470107,0.2124137,0.1448898
-0.6395962,0.2583385,-0.4550838,-0.6395962,18.11843,-0.4550838,0.3268618,-0.9206978,0.02545305,0.2117287,0.1448898
-0.6386924,0.2557185,-0.4545264,-0.6386924,18.11581,-0.4545264,0.3267061,-0.9217161,0.02835187,0.2071202,0.1448898
-0.6376724,0.2528028,-0.4541793,-0.6376724,18.1129,-0.4541793,0.3261835,-0.9230108,0.03291193,0.2014253,0.1448898
-0.6365539,0.2499106,-0.4544497,-0.6365539,18.11001,-0.4544497,0.325629,-0.923972,0.03565394,0.1974089,0.1448898
-0.6356673,0.2472856,-0.4540918,-0.6356673,18.10738,-0.4540918,0.3251239,-0.9248992,0.03751255,0.1935166,0.1448898
-0.6340268,0.2443519,-0.4535661,-0.6340268,18.10445,-0.4535661,0.3261831,-0.9254295,0.04033348,0.1885684,0.1448898
-0.6321341,0.2421033,-0.4537632,-0.6321341,18.1022,-0.4537632,0.3279597,-0.9252776,0.04176981,0.1859009,0.1448898
-0.6301894,0.2398877,-0.4537518,-0.6301894,18.09998,-0.4537518,0.3308287,-0.9248045,0.04296251,0.1828749,0.1448898
-0.6281238,0.2375121,-0.4539652,-0.6281238,18.09761,-0.4539652,0.3334887,-0.9239731,0.04317028,0.1821955,0.1448898
-0.6265583,0.2350771,-0.4543958,-0.6265583,18.09517,-0.4543958,0.3353963,-0.9234049,0.04467623,0.1812092,0.1448898
-0.6272426,0.2346866,-0.4533148,-0.6272426,18.09478,-0.4533148,0.3341279,-0.9240519,0.05994846,0.1757638,0.1448898
-0.627444,0.2328429,-0.4537156,-0.627444,18.09294,-0.4537156,0.3364702,-0.9254045,0.05341033,0.1660168,0.1448898
-0.6319366,0.232795,-0.4547017,-0.6319366,18.09289,-0.4547017,0.3318773,-0.9283405,0.06398883,0.1547475,0.1448898
-0.6359432,0.2334456,-0.4538291,-0.6359432,18.09354,-0.4538291,0.3303624,-0.929429,0.07917048,0.1440644,0.1448898
-0.6388013,0.235575,-0.4519939,-0.6388013,18.09567,-0.4519939,0.3327961,-0.9224277,0.06095271,0.1861685,0.1448898
-0.6406311,0.237942,-0.4527085,-0.6406311,18.09804,-0.4527085,0.3439111,-0.9142345,0.04317132,0.2098494,0.1448898
-0.6403683,0.2388606,-0.4544435,-0.6403683,18.09896,-0.4544435,0.3479304,-0.9129627,0.02576811,0.2116116,0.1448898
-0.6400909,0.2386658,-0.4542432,-0.6400909,18.09876,-0.4542432,0.3539178,-0.9139522,0.03182151,0.1960127,0.1448898
-0.6406794,0.2378163,-0.4548197,-0.6406794,18.09791,-0.4548197,0.3575684,-0.9128258,0.04101635,0.1929028,0.1448898
-0.6406794,0.2378163,-0.4548197,-0.6406794,18.09791,-0.4548197,0.3575684,-0.9128258,0.04101635,0.1929028,0.1448898
-0.6405356,0.2352509,-0.4549217,-0.6405356,18.09535,-0.4549217,0.360112,-0.9105696,0.04990646,0.196702,0.1448898
-0.6405356,0.2352509,-0.4549217,-0.6405356,18.09535,-0.4549217,0.360112,-0.9105696,0.04990646,0.196702,0.1448898
-0.640529,0.2351003,-0.4554639,-0.640529,18.0952,-0.4554639,0.3616777,-0.9112578,0.05431155,0.1893376,0.1448898
-0.6407462,0.2347159,-0.4557755,-0.6407462,18.09481,-0.4557755,0.36091,-0.9119468,0.05435625,0.1874631,0.1448898
-0.6407218,0.234184,-0.4559603,-0.6407218,18.09428,-0.4559603,0.3600722,-0.9120181,0.05589581,0.188273,0.1448898
-0.6407497,0.2343016,-0.4558151,-0.6407497,18.0944,-0.4558151,0.3596413,-0.9117056,0.05631306,0.1904732,0.1448898
-0.6411803,0.233943,-0.456111,-0.6411803,18.09404,-0.456111,0.3598824,-0.9116512,0.05474986,0.1907334,0.1448898
-0.6413529,0.2337148,-0.4565916,-0.6413529,18.09381,-0.4565916,0.3599767,-0.9113534,0.05408955,0.1921615,0.1448898
-0.6417532,0.2337871,-0.4563355,-0.6417532,18.09388,-0.4563355,0.3593535,-0.9104881,0.05340685,0.1975455,0.1448898
-0.641917,0.2336235,-0.4565425,-0.641917,18.09372,-0.4565425,0.3592917,-0.9101258,0.05410139,0.1991322,0.1448898
-0.6417342,0.233474,-0.4570718,-0.6417342,18.09357,-0.4570718,0.3590784,-0.9098603,0.05335967,0.2009219,0.1448898
-0.6417342,0.233474,-0.4570718,-0.6417342,18.09357,-0.4570718,0.3590784,-0.9098603,0.05335967,0.2009219,0.1448898
-0.641634,0.2333779,-0.4573579,-0.641634,18.09347,-0.4573579,0.3593612,-0.9098724,0.05357511,0.2003039,0.1448898
-0.6419746,0.2327354,-0.4581015,-0.6419746,18.09283,-0.4581015,0.3610078,-0.9100556,0.05710412,0.1954775,0.1448898
-0.642207,0.2326357,-0.4585216,-0.642207,18.09273,-0.4585216,0.3618747,-0.9098462,0.05910952,0.1942491,0.1448898
-0.6423984,0.2325013,-0.4589217,-0.6423984,18.0926,-0.4589217,0.3630382,-0.9096456,0.06065838,0.1925324,0.1448898
-0.6427391,0.2323198,-0.4594219,-0.6427391,18.09241,-0.4594219,0.3646464,-0.9090557,0.06152841,0.192003,0.1448898
-0.6430171,0.2321181,-0.4596767,-0.6430171,18.09221,-0.4596767,0.3656597,-0.9087275,0.0621676,0.1914225,0.1448898
-0.6427222,0.2319348,-0.4598289,-0.6427222,18.09203,-0.4598289,0.3669878,-0.9081196,0.06332061,0.1913877,0.1448898
-0.6427119,0.2316723,-0.460073,-0.6427119,18.09177,-0.460073,0.3686652,-0.9077501,0.06600676,0.1889946,0.1448898
-0.6426003,0.2314208,-0.4602344,-0.6426003,18.09152,-0.4602344,0.3695698,-0.9073041,0.06783068,0.1887231,0.1448898
-0.6425922,0.2312512,-0.4604764,-0.6425922,18.09135,-0.4604764,0.3717115,-0.9068032,0.07202934,0.1853383,0.1448898
-0.6426728,0.2313104,-0.4606137,-0.6426728,18.09141,-0.4606137,0.3731384,-0.906557,0.07297089,0.1832962,0.1448898
-0.6429307,0.2313752,-0.4605916,-0.6429307,18.09147,-0.4605916,0.3740905,-0.9058269,0.0727194,0.1850567,0.1448898
-0.6430382,0.2312784,-0.4607582,-0.6430382,18.09137,-0.4607582,0.3754425,-0.9052542,0.07393814,0.1846372,0.1448898
-0.6431743,0.2313187,-0.4608531,-0.6431743,18.09142,-0.4608531,0.3761347,-0.9050636,0.07449291,0.1839385,0.1448898
-0.6431743,0.2313187,-0.4608531,-0.6431743,18.09142,-0.4608531,0.3761347,-0.9050636,0.07449291,0.1839385,0.1448898
-0.6432546,0.2315946,-0.4610298,-0.6432546,18.09169,-0.4610298,0.3781241,-0.9046425,0.0761302,0.1812411,0.1448898
-0.6431623,0.2318912,-0.460959,-0.6431623,18.09199,-0.460959,0.3791004,-0.9045746,0.07659404,0.179335,0.1448898
-0.6431217,0.2318759,-0.4609857,-0.6431217,18.09197,-0.4609857,0.379924,-0.9042467,0.07691225,0.1791096,0.1448898
-0.643237,0.2319748,-0.4611263,-0.643237,18.09207,-0.4611263,0.3809661,-0.9036847,0.07706563,0.1796653,0.1448898
-0.6431706,0.2320423,-0.4611635,-0.6431706,18.09214,-0.4611635,0.3819007,-0.9034312,0.0772654,0.1788688,0.1448898
-0.6430913,0.2322371,-0.4611912,-0.6430913,18.09233,-0.4611912,0.3829529,-0.9034873,0.07806309,0.1759655,0.1448898
-0.6432544,0.2323534,-0.4612432,-0.6432544,18.09245,-0.4612432,0.3838287,-0.9035019,0.07894647,0.1735722,0.1448898
-0.6431067,0.2326181,-0.4614444,-0.6431067,18.09271,-0.4614444,0.3847241,-0.9033518,0.0791876,0.1722563,0.1448898
-0.6432195,0.232996,-0.461277,-0.6432195,18.09309,-0.461277,0.3855389,-0.903244,0.07866927,0.1712347,0.1448898
-0.6433415,0.2331016,-0.4613371,-0.6433415,18.0932,-0.4613371,0.3864458,-0.9031051,0.07884769,0.1698346,0.1448898
-0.6434455,0.2330015,-0.4611204,-0.6434455,18.0931,-0.4611204,0.3872393,-0.9031147,0.07888822,0.1679473,0.1448898
-0.6434455,0.2330015,-0.4611204,-0.6434455,18.0931,-0.4611204,0.3872393,-0.9031147,0.07888822,0.1679473,0.1448898
-0.6434455,0.2330015,-0.4611204,-0.6434455,18.0931,-0.4611204,0.3872393,-0.9031147,0.07888822,0.1679473,0.1448898
-0.6432952,0.2331812,-0.4614029,-0.6432952,18.09328,-0.4614029,0.3892975,-0.9029694,0.07889558,0.1639185,0.1448898
-0.6433607,0.2331846,-0.4612975,-0.6433607,18.09328,-0.4612975,0.3899548,-0.9027887,0.07866927,0.1634594,0.1448898
-0.6431612,0.2332201,-0.4611521,-0.6431612,18.09332,-0.4611521,0.3905289,-0.902683,0.07846558,0.1627693,0.1448898
-0.6431035,0.2332213,-0.4612176,-0.6431035,18.09332,-0.4612176,0.3913949,-0.9024421,0.07830399,0.1621011,0.1448898
-0.6432768,0.2335653,-0.4610815,-0.6432768,18.09366,-0.4610815,0.3924741,-0.9023094,0.07852462,0.1601117,0.1448898
-0.6430734,0.2336309,-0.4610224,-0.6430734,18.09373,-0.4610224,0.3931836,-0.9022273,0.0785711,0.158805,0.1448898
-0.6430458,0.233732,-0.4608674,-0.6430458,18.09383,-0.4608674,0.3942099,-0.9020826,0.07850991,0.1571043,0.1448898
-0.6432279,0.2337554,-0.460676,-0.6432279,18.09385,-0.460676,0.3949901,-0.9018457,0.07832788,0.1565951,0.1448898
-0.6433971,0.233706,-0.4605086,-0.6433971,18.0938,-0.4605086,0.3959293,-0.9014874,0.07797121,0.1564641,0.1448898
-0.6435782,0.2335746,-0.4603834,-0.6435782,18.09367,-0.4603834,0.3967323,-0.901206,0.07767884,0.1561963,0.1448898
-0.6437788,0.2336779,-0.4603465,-0.6437788,18.09377,-0.4603465,0.3976746,-0.9009203,0.07763442,0.1554686,0.1448898
-0.6441453,0.2335122,-0.4603221,-0.6441453,18.09361,-0.4603221,0.4002289,-0.9002143,0.07702947,0.1532894,0.1448898
-0.6442273,0.2332935,-0.4605005,-0.6442273,18.09339,-0.4605005,0.4015619,-0.8997176,0.07702115,0.1527225,0.1448898
-0.6442273,0.2332935,-0.4605005,-0.6442273,18.09339,-0.4605005,0.4015619,-0.8997176,0.07702115,0.1527225,0.1448898
-0.6444368,0.2331915,-0.4604349,-0.6444368,18.09329,-0.4604349,0.4027029,-0.8992094,0.07694217,0.1527504,0.1448898
-0.6443418,0.2333481,-0.4606006,-0.6443418,18.09344,-0.4606006,0.4037736,-0.8988439,0.07687174,0.152109,0.1448898
-0.6443174,0.2332771,-0.4607255,-0.6443174,18.09337,-0.4607255,0.4047857,-0.8986362,0.07700761,0.1505699,0.1448898
-0.6444503,0.2333016,-0.4602718,-0.6444503,18.0934,-0.4602718,0.4065533,-0.8980891,0.07739306,0.1488649,0.1448898
-0.6445619,0.2335455,-0.4600656,-0.6445619,18.09364,-0.4600656,0.4073117,-0.8978229,0.07659706,0.148809,0.1448898
-0.6445619,0.2335455,-0.4600656,-0.6445619,18.09364,-0.4600656,0.4073117,-0.8978229,0.07659706,0.148809,0.1448898
-0.6440814,0.233583,-0.4598353,-0.6440814,18.09368,-0.4598353,0.4079273,-0.8981446,0.07693172,0.1449588,0.1448898
-0.6438724,0.2335904,-0.4602151,-0.6438724,18.09369,-0.4602151,0.408609,-0.8980943,0.07790487,0.142815,0.1448898
-0.6438724,0.2335904,-0.4602151,-0.6438724,18.09369,-0.4602151,0.408609,-0.8980943,0.07790487,0.142815,0.1448898
-0.6438231,0.233639,-0.4601777,-0.6438231,18.09373,-0.4601777,0.409463,-0.8980189,0.07786124,0.1408539,0.1448898
-0.6437892,0.2337439,-0.4602466,-0.6437892,18.09384,-0.4602466,0.4105186,-0.8977485,0.07763711,0.1396234,0.1448898
-0.6438675,0.2338169,-0.4603758,-0.6438675,18.09391,-0.4603758,0.4112742,-0.8974636,0.07729769,0.1394191,0.1448898
-0.643435,0.233799,-0.4599729,-0.643435,18.09389,-0.4599729,0.4129006,-0.8971401,0.0772274,0.1367068,0.1448898
-0.6430964,0.2338672,-0.4597406,-0.6430964,18.09396,-0.4597406,0.4136464,-0.8971713,0.07765611,0.133977,0.1448898
-0.6430964,0.2338672,-0.4597406,-0.6430964,18.09396,-0.4597406,0.4136464,-0.8971713,0.07765611,0.133977,0.1448898
-0.6434029,0.2342005,-0.4594989,-0.6434029,18.0943,-0.4594989,0.4144719,-0.8972464,0.07813644,0.1306014,0.1448898
-0.6435668,0.234395,-0.4589047,-0.6435668,18.09449,-0.4589047,0.4157378,-0.8971084,0.07755233,0.127845,0.1448898
-0.6435668,0.234395,-0.4589047,-0.6435668,18.09449,-0.4589047,0.4157378,-0.8971084,0.07755233,0.127845,0.1448898
-0.643446,0.2344182,-0.4588699,-0.643446,18.09451,-0.4588699,0.4164726,-0.8970613,0.07681793,0.1262168,0.1448898
-0.6432769,0.2344713,-0.4590497,-0.6432769,18.09457,-0.4590497,0.4170764,-0.8969388,0.07681376,0.1250909,0.1448898
-0.6431518,0.2345505,-0.4589846,-0.6431518,18.09465,-0.4589846,0.4177775,-0.896816,0.07712293,0.1234303,0.1448898
-0.6431338,0.2347562,-0.4587784,-0.6431338,18.09485,-0.4587784,0.4186078,-0.8967066,0.07731264,0.1212751,0.1448898
-0.6430959,0.2348776,-0.458545,-0.6430959,18.09497,-0.458545,0.4196117,-0.8965163,0.07643347,0.1197602,0.1448898
-0.6430593,0.2349222,-0.4582901,-0.6430593,18.09502,-0.4582901,0.4204067,-0.896377,0.07591292,0.1183375,0.1448898
-0.6431142,0.2352808,-0.4579494,-0.6431142,18.09538,-0.4579494,0.4217172,-0.8960255,0.07556418,0.1165461,0.1448898
-0.6428411,0.2353694,-0.4572108,-0.6428411,18.09546,-0.4572108,0.4237285,-0.8956432,0.07521849,0.1123376,0.1448898
-0.6429911,0.2355204,-0.4568169,-0.6429911,18.09562,-0.4568169,0.4248202,-0.8954055,0.07532985,0.11001,0.1448898
-0.6429911,0.2355204,-0.4568169,-0.6429911,18.09562,-0.4568169,0.4248202,-0.8954055,0.07532985,0.11001,0.1448898
-0.6432329,0.2356434,-0.4565098,-0.6432329,18.09574,-0.4565098,0.4257193,-0.8951623,0.07458875,0.109014,0.1448898
-0.6437681,0.2359092,-0.4559681,-0.6437681,18.096,-0.4559681,0.4265356,-0.8948241,0.07255024,0.1099709,0.1448898
-0.6439265,0.2360711,-0.4555757,-0.6439265,18.09617,-0.4555757,0.4275734,-0.8945079,0.07109996,0.1094599,0.1448898
-0.643977,0.2362728,-0.4551861,-0.643977,18.09637,-0.4551861,0.4289784,-0.8941302,0.06971647,0.1079272,0.1448898
-0.6438715,0.2365346,-0.454638,-0.6438715,18.09663,-0.454638,0.4300558,-0.893981,0.06875551,0.1054642,0.1448898
-0.6437258,0.2366743,-0.454248,-0.6437258,18.09677,-0.454248,0.4310557,-0.8938754,0.06805834,0.102693,0.1448898
-0.6436547,0.2369649,-0.4537797,-0.6436547,18.09706,-0.4537797,0.4326966,-0.8936336,0.06717396,0.09838913,0.1448898
-0.6436312,0.2373106,-0.4530973,-0.6436312,18.09741,-0.4530973,0.4351667,-0.8930073,0.06551503,0.09421124,0.1448898
-0.6436312,0.2373106,-0.4530973,-0.6436312,18.09741,-0.4530973,0.4351667,-0.8930073,0.06551503,0.09421124,0.1448898
-0.6437466,0.2375278,-0.4525452,-0.6437466,18.09762,-0.4525452,0.4367673,-0.892563,0.06419738,0.09189292,0.1448898
-0.6440235,0.2378509,-0.4517095,-0.6440235,18.09795,-0.4517095,0.4381479,-0.8921944,0.06255541,0.09001301,0.1448898
-0.6443784,0.2385051,-0.4503565,-0.6443784,18.0986,-0.4503565,0.4409215,-0.8915193,0.05954467,0.08506497,0.1448898
-0.6444278,0.2388356,-0.4496849,-0.6444278,18.09893,-0.4496849,0.4423426,-0.8911623,0.05784819,0.08256196,0.1448898
-0.644236,0.2389894,-0.4490013,-0.644236,18.09908,-0.4490013,0.4437444,-0.8908498,0.05668415,0.07914761,0.1448898
-0.644236,0.2389894,-0.4490013,-0.644236,18.09908,-0.4490013,0.4437444,-0.8908498,0.05668415,0.07914761,0.1448898
-0.6442747,0.2393055,-0.4482055,-0.6442747,18.0994,-0.4482055,0.445669,-0.8903013,0.0552098,0.07546236,0.1448898
-0.6446278,0.2396619,-0.4474864,-0.6446278,18.09976,-0.4474864,0.4476266,-0.8897217,0.05337307,0.07195193,0.1448898
-0.6446993,0.2398808,-0.4469993,-0.6446993,18.09998,-0.4469993,0.4491864,-0.8891379,0.05169962,0.0706571,0.1448898
-0.6448312,0.2402697,-0.4463048,-0.6448312,18.10036,-0.4463048,0.4513152,-0.8883971,0.0499955,0.06756942,0.1448898
-0.6451248,0.2408929,-0.4455972,-0.6451248,18.10099,-0.4455972,0.4536813,-0.8875545,0.04841947,0.06384348,0.1448898
-0.6452394,0.241317,-0.4448614,-0.6452394,18.10141,-0.4448614,0.4556736,-0.8868607,0.04691536,0.06032077,0.1448898
-0.6456188,0.24196,-0.4439621,-0.6456188,18.10206,-0.4439621,0.4574167,-0.8864187,0.04591596,0.0540704,0.1448898
-0.6464683,0.2431614,-0.4421461,-0.6464683,18.10326,-0.4421461,0.4599871,-0.8856341,0.04293787,0.04712135,0.1448898
-0.6466662,0.2441435,-0.4406145,-0.6466662,18.10424,-0.4406145,0.460512,-0.8857083,0.03926833,0.04367491,0.1448898
-0.6467302,0.2448566,-0.4397469,-0.6467302,18.10495,-0.4397469,0.4610344,-0.8857487,0.03673262,0.03933411,0.1448898
-0.6468815,0.2456834,-0.4383764,-0.6468815,18.10578,-0.4383764,0.4609,-0.886121,0.03502461,0.03367548,0.1448898
-0.6468815,0.2456834,-0.4383764,-0.6468815,18.10578,-0.4383764,0.4609,-0.886121,0.03502461,0.03367548,0.1448898
-0.64658,0.2464726,-0.4370604,-0.64658,18.22575,-0.4370604,0.460176,-0.8867497,0.03390018,0.02763565,0.1448898
