posX,posY,posZ,RotX,RotY,RotZ,RotW,vPosX,vPosY,vPosZ,initH
-0.7768431,1.504135,0.5201274,-0.7768431,22.68913,0.5201274,0.05316005,-0.8330269,-0.0399281,-0.549223,0.18
-0.7770947,1.504066,0.5205702,-0.7770947,22.68906,0.5205702,0.05262342,-0.8326194,-0.0394759,-0.549925,0.18
-0.7773607,1.503958,0.5209408,-0.7773607,22.68895,0.5209408,0.05208246,-0.8322664,-0.03881344,-0.5505576,0.18
-0.7775747,1.503927,0.5214119,-0.7775747,22.68892,0.5214119,0.05181326,-0.8320417,-0.03832948,-0.5509564,0.18
-0.7777727,1.503895,0.5217129,-0.7777727,22.68889,0.5217129,0.05168763,-0.8316753,-0.03746062,-0.5515808,0.18
-0.7779652,1.503873,0.5220665,-0.7779652,22.68886,0.5220665,0.05149703,-0.8314163,-0.03657304,-0.5520484,0.18
-0.7781297,1.503879,0.5223216,-0.7781297,22.68887,0.5223216,0.05164272,-0.8311254,-0.03589498,-0.552517,0.18
-0.7780796,1.503823,0.5225774,-0.7780796,22.68881,0.5225774,0.05164922,-0.8308109,-0.0352857,-0.5530286,0.18
-0.7780796,1.503823,0.5225774,-0.7780796,22.68881,0.5225774,0.05164922,-0.8308109,-0.0352857,-0.5530286,0.18
-0.7781343,1.503722,0.5229685,-0.7781343,22.68871,0.5229685,0.05146817,-0.8301915,-0.03364268,-0.554077,0.18
-0.7781472,1.503748,0.5232584,-0.7781472,22.68874,0.5232584,0.05099791,-0.8298277,-0.03267624,-0.5547228,0.18
-0.7781736,1.503796,0.5234785,-0.7781736,22.68879,0.5234785,0.05067314,-0.8294296,-0.03167842,-0.5554056,0.18
-0.7781286,1.503653,0.5236348,-0.7781286,22.68864,0.5236348,0.05025131,-0.8291689,-0.03114451,-0.5558631,0.18
-0.7780433,1.503557,0.5238755,-0.7780433,22.68855,0.5238755,0.04978304,-0.8287904,-0.03057097,-0.5565012,0.18
-0.7781106,1.50341,0.524184,-0.7781106,22.6884,0.524184,0.04936467,-0.8284252,-0.02986998,-0.5571201,0.18
-0.7779819,1.503292,0.5243942,-0.7779819,22.68828,0.5243942,0.04917426,-0.8280219,-0.02922405,-0.5577701,0.18
-0.7778391,1.503221,0.5245717,-0.7778391,22.68821,0.5245717,0.04898048,-0.8276392,-0.02880342,-0.5583768,0.18
-0.7775089,1.503209,0.5246519,-0.7775089,22.6882,0.5246519,0.04903424,-0.8273212,-0.02831213,-0.5588683,0.18
-0.7773418,1.503226,0.5249516,-0.7773418,22.68822,0.5249516,0.04889319,-0.8269427,-0.02761051,-0.5594757,0.18
-0.7770133,1.503173,0.5251006,-0.7770133,22.68817,0.5251006,0.04876909,-0.8265791,-0.02696169,-0.5600551,0.18
-0.7767308,1.50308,0.5252944,-0.7767308,22.68807,0.5252944,0.04842156,-0.8263412,-0.02615256,-0.5604746,0.18
-0.7761768,1.502894,0.5252986,-0.7761768,22.68789,0.5252986,0.04771621,-0.8260435,-0.02484375,-0.561033,0.18
-0.7756042,1.502824,0.5254756,-0.7756042,22.68781,0.5254756,0.04685484,-0.8257086,-0.02358937,-0.5616525,0.18
-0.7751883,1.502754,0.5255976,-0.7751883,22.68775,0.5255976,0.04589473,-0.8253583,-0.02250243,-0.562291,0.18
-0.7747792,1.502747,0.5258132,-0.7747792,22.68774,0.5258132,0.04470794,-0.8249942,-0.02201483,-0.5629398,0.18
-0.7741506,1.50268,0.5259441,-0.7741506,22.68767,0.5259441,0.04380476,-0.8244783,-0.02145655,-0.5637876,0.18
-0.7734073,1.502662,0.525932,-0.7734073,22.68765,0.525932,0.04293841,-0.8240225,-0.02135185,-0.5645239,0.18
-0.7728339,1.502638,0.5259932,-0.7728339,22.68763,0.5259932,0.04216537,-0.8234277,-0.02112862,-0.5654578,0.18
-0.7720501,1.502413,0.5258911,-0.7720501,22.6874,0.5258911,0.04170457,-0.822897,-0.02091675,-0.5662718,0.18
-0.7713078,1.502255,0.5259156,-0.7713078,22.68725,0.5259156,0.04104524,-0.8223637,-0.02062147,-0.5671051,0.18
-0.7705264,1.502003,0.5260553,-0.7705264,22.68699,0.5260553,0.04006162,-0.8216766,-0.02019228,-0.5681857,0.18
-0.7695737,1.50167,0.5262145,-0.7695737,22.68666,0.5262145,0.03902451,-0.820925,-0.01946417,-0.5693685,0.18
-0.7688161,1.501277,0.52631,-0.7688161,22.68627,0.52631,0.03783469,-0.8202648,-0.01855789,-0.5704296,0.18
-0.7680829,1.500796,0.5264474,-0.7680829,22.68579,0.5264474,0.0362189,-0.8194797,-0.01754816,-0.5716935,0.18
-0.7670817,1.500278,0.526525,-0.7670817,22.68527,0.526525,0.03466269,-0.8186476,-0.0161237,-0.5730224,0.18
-0.7670817,1.500278,0.526525,-0.7670817,22.68527,0.526525,0.03466269,-0.8186476,-0.0161237,-0.5730224,0.18
-0.7655077,1.499157,0.5267187,-0.7655077,22.68415,0.5267187,0.0307007,-0.8169572,-0.01305117,-0.5757325,0.18
-0.7645659,1.498492,0.5267922,-0.7645659,22.68348,0.5267922,0.02828538,-0.8159915,-0.01114493,-0.577264,0.18
-0.7636691,1.497831,0.5267677,-0.7636691,22.68282,0.5267677,0.02584549,-0.8151009,-0.00919326,-0.5786693,0.18
-0.7628423,1.497049,0.5268954,-0.7628423,22.68204,0.5268954,0.02270675,-0.8139895,-0.006376468,-0.5804006,0.18
-0.7616936,1.496082,0.5267334,-0.7616936,22.68107,0.5267334,0.0197254,-0.8128523,-0.003609511,-0.5821246,0.18
-0.7608463,1.495304,0.5267743,-0.7608463,22.6803,0.5267743,0.01665363,-0.8115582,-0.0005386375,-0.584034,0.18
-0.7599784,1.494447,0.5269998,-0.7599784,22.67944,0.5269998,0.01327673,-0.8100286,0.002776614,-0.5862337,0.18
-0.7588564,1.493395,0.52694,-0.7588564,22.67839,0.52694,0.0102005,-0.8085359,0.006291792,-0.588325,0.18
-0.7577893,1.492399,0.5269457,-0.7577893,22.67739,0.5269457,0.006612292,-0.8068068,0.01042606,-0.5906864,0.18
-0.7568303,1.49137,0.5271281,-0.7568303,22.67636,0.5271281,0.002789585,-0.804988,0.01468662,-0.5931028,0.18
-0.7557775,1.490172,0.5272784,-0.7557775,22.67516,0.5272784,-0.001392141,-0.8028462,0.01950692,-0.5958654,0.18
-0.7547566,1.488773,0.5274851,-0.7547566,22.67377,0.5274851,-0.005946552,-0.8006787,0.02481037,-0.5985505,0.18
-0.7537047,1.487153,0.5279453,-0.7537047,22.67214,0.5279453,-0.01161771,-0.7980689,0.03108837,-0.6016517,0.18
-0.7526842,1.485406,0.5282062,-0.7526842,22.6704,0.5282062,-0.01806574,-0.7952349,0.03806548,-0.6048356,0.18
-0.7516586,1.483642,0.5285276,-0.7516586,22.66863,0.5285276,-0.02449026,-0.7925425,0.04470527,-0.6076826,0.18
-0.7507049,1.481724,0.5288101,-0.7507049,22.66672,0.5288101,-0.03168478,-0.7891138,0.0519429,-0.6112262,0.18
-0.7493793,1.47957,0.5287914,-0.7493793,22.66456,0.5287914,-0.03875931,-0.7858393,0.05871789,-0.6144158,0.18
-0.7483399,1.477429,0.5291426,-0.7483399,22.66242,0.5291426,-0.04638611,-0.7821487,0.0658021,-0.6178689,0.18
-0.7471303,1.475199,0.5294189,-0.7471303,22.66019,0.5294189,-0.05396834,-0.7784724,0.07269525,-0.6211149,0.18
-0.7461356,1.47278,0.5296489,-0.7461356,22.65777,0.5296489,-0.06296696,-0.7741528,0.08044244,-0.6247013,0.18
-0.7452027,1.470464,0.5300429,-0.7452027,22.65546,0.5300429,-0.0713141,-0.7700879,0.08813805,-0.6277823,0.18
-0.7442873,1.467953,0.5305519,-0.7442873,22.65294,0.5305519,-0.08040243,-0.7655582,0.09618157,-0.631035,0.18
-0.7442873,1.467953,0.5305519,-0.7442873,22.65294,0.5305519,-0.08040243,-0.7655582,0.09618157,-0.631035,0.18
-0.7442873,1.467953,0.5305519,-0.7442873,22.65294,0.5305519,-0.08040243,-0.7655582,0.09618157,-0.631035,0.18
-0.7423635,1.462718,0.5312824,-0.7423635,22.64771,0.5312824,-0.09721755,-0.7557021,0.1113686,-0.6380126,0.18
-0.7413177,1.460486,0.5319084,-0.7413177,22.64548,0.5319084,-0.104034,-0.7509015,0.1180934,-0.6413875,0.18
-0.7403589,1.458183,0.5320863,-0.7403589,22.64318,0.5320863,-0.110103,-0.7461535,0.1251516,-0.6445693,0.18
-0.7379092,1.453534,0.5326442,-0.7379092,22.63853,0.5326442,-0.1211415,-0.7366705,0.1385161,-0.6507339,0.18
-0.7367857,1.451515,0.5328984,-0.7367857,22.63651,0.5328984,-0.1244797,-0.731587,0.1433893,-0.6547709,0.18
-0.7356356,1.449879,0.5331242,-0.7356356,22.63487,0.5331242,-0.1266307,-0.7266057,0.1470953,-0.659069,0.18
-0.7356356,1.449879,0.5331242,-0.7356356,22.63487,0.5331242,-0.1266307,-0.7266057,0.1470953,-0.659069,0.18
-0.7326231,1.447938,0.5334644,-0.7326231,22.63293,0.5334644,-0.1263071,-0.7162642,0.1522318,-0.6692068,0.18
-0.7311457,1.447143,0.5333967,-0.7311457,22.63214,0.5333967,-0.1256191,-0.7119408,0.1552862,-0.6732357,0.18
-0.7297581,1.446203,0.533466,-0.7297581,22.6312,0.533466,-0.1246744,-0.7080774,0.1581493,-0.6768098,0.18
-0.7285358,1.445019,0.5335077,-0.7285358,22.63001,0.5335077,-0.1245646,-0.7043283,0.1623356,-0.6797445,0.18
-0.7273995,1.443715,0.5333334,-0.7273995,22.62871,0.5333334,-0.1245937,-0.7008125,0.1680023,-0.6819924,0.18
-0.7265691,1.44216,0.5334512,-0.7265691,22.62715,0.5334512,-0.1255715,-0.6973685,0.1743356,-0.6837515,0.18
-0.7259467,1.440546,0.5335426,-0.7259467,22.62554,0.5335426,-0.1276048,-0.6935467,0.1819992,-0.6852638,0.18
-0.7253156,1.438945,0.5336618,-0.7253156,22.62394,0.5336618,-0.1302331,-0.6896223,0.1898264,-0.686605,0.18
-0.7252491,1.437411,0.533713,-0.7252491,22.6224,0.533713,-0.1342303,-0.685816,0.1980908,-0.6873127,0.18
-0.7249545,1.435905,0.5337644,-0.7249545,22.6209,0.5337644,-0.1384735,-0.6817004,0.2056013,-0.6883588,0.18
-0.7247415,1.434502,0.533518,-0.7247415,22.61949,0.533518,-0.143423,-0.6775478,0.2124085,-0.6893777,0.18
-0.7242779,1.433068,0.533474,-0.7242779,22.61806,0.533474,-0.1478839,-0.6733742,0.2179169,-0.6908038,0.18
-0.7238234,1.431856,0.533367,-0.7238234,22.61685,0.533367,-0.1525655,-0.669392,0.2231778,-0.6919754,0.18
-0.7232753,1.430923,0.5330234,-0.7232753,22.61592,0.5330234,-0.1559611,-0.6663901,0.2267716,-0.6929467,0.18
-0.7225909,1.429939,0.5329133,-0.7225909,22.61493,0.5329133,-0.1587978,-0.6634539,0.2296865,-0.6941587,0.18
-0.7219946,1.429054,0.532644,-0.7219946,22.61405,0.532644,-0.1609981,-0.6612785,0.2319736,-0.6949666,0.18
-0.7213674,1.428097,0.53221,-0.7213674,22.61309,0.53221,-0.1631479,-0.6591927,0.2349564,-0.6954447,0.18
-0.7208948,1.427236,0.5320609,-0.7208948,22.61223,0.5320609,-0.1658324,-0.6571065,0.2376151,-0.6958806,0.18
-0.7208948,1.427236,0.5320609,-0.7208948,22.61223,0.5320609,-0.1658324,-0.6571065,0.2376151,-0.6958806,0.18
-0.7197433,1.425758,0.531063,-0.7197433,22.61075,0.531063,-0.1722774,-0.6532988,0.2428907,-0.6960786,0.18
-0.7191464,1.425244,0.5307208,-0.7191464,22.61024,0.5307208,-0.1747801,-0.6515225,0.2445761,-0.6965293,0.18
-0.7182547,1.424851,0.5302944,-0.7182547,22.60984,0.5302944,-0.1770588,-0.6502252,0.2448946,-0.6970538,0.18
-0.7173802,1.424532,0.5295157,-0.7173802,22.60952,0.5295157,-0.1784848,-0.6494093,0.2443506,-0.6976414,0.18
-0.7163624,1.423978,0.5287534,-0.7163624,22.60897,0.5287534,-0.1806129,-0.6476261,0.2446477,-0.6986465,0.18
-0.7157725,1.423801,0.5281959,-0.7157725,22.60879,0.5281959,-0.1813433,-0.6472583,0.2439688,-0.6990355,0.18
-0.7148219,1.423516,0.5275367,-0.7148219,22.60851,0.5275367,-0.1826188,-0.6464123,0.2436059,-0.6996126,0.18
-0.7140242,1.423307,0.5269516,-0.7140242,22.6083,0.5269516,-0.1836001,-0.6458848,0.2428768,-0.7000962,0.18
-0.7133572,1.42303,0.5261437,-0.7133572,22.60802,0.5261437,-0.1848122,-0.6453365,0.2425673,-0.7003902,0.18
-0.7125639,1.422736,0.525507,-0.7125639,22.60773,0.525507,-0.1860125,-0.6449845,0.2424072,-0.7004521,0.18
-0.7118411,1.422573,0.524736,-0.7118411,22.60756,0.524736,-0.1872921,-0.6445758,0.2418639,-0.7006752,0.18
-0.7114322,1.42263,0.5240366,-0.7114322,22.60762,0.5240366,-0.1881724,-0.644381,0.2418256,-0.7006316,0.18
-0.7106429,1.422679,0.5233117,-0.7106429,22.60767,0.5233117,-0.1887827,-0.6443871,0.2414484,-0.700592,0.18
-0.7098339,1.422619,0.5223812,-0.7098339,22.60761,0.5223812,-0.1888163,-0.6440505,0.2409911,-0.7010497,0.18
-0.709213,1.422598,0.5214489,-0.709213,22.60759,0.5214489,-0.1884852,-0.6442442,0.2402577,-0.7012126,0.18
-0.7082241,1.422533,0.5207152,-0.7082241,22.60752,0.5207152,-0.1887099,-0.6441962,0.239838,-0.7013399,0.18
-0.7076558,1.422534,0.519969,-0.7076558,22.60753,0.519969,-0.1887759,-0.6441954,0.2394586,-0.7014524,0.18
-0.7072086,1.422458,0.5190167,-0.7072086,22.60745,0.5190167,-0.1891262,-0.6440188,0.2391465,-0.7016268,0.18
-0.7066593,1.422322,0.5181316,-0.7066593,22.60731,0.5181316,-0.1897181,-0.6438408,0.2392311,-0.7016014,0.18
-0.7062839,1.422226,0.5170263,-0.7062839,22.60722,0.5170263,-0.1905413,-0.643483,0.2390318,-0.7017746,0.18
-0.7060543,1.422214,0.5161147,-0.7060543,22.60721,0.5161147,-0.191179,-0.6433128,0.2389995,-0.7017682,0.18
-0.7060543,1.422214,0.5161147,-0.7060543,22.60721,0.5161147,-0.191179,-0.6433128,0.2389995,-0.7017682,0.18
-0.7054892,1.422012,0.5152603,-0.7054892,22.607,0.5152603,-0.1917608,-0.6432411,0.238949,-0.7016923,0.18
-0.704648,1.421937,0.5136606,-0.704648,22.60693,0.5136606,-0.1925678,-0.6427709,0.2393238,-0.7017745,0.18
-0.704375,1.421682,0.5126748,-0.704375,22.60667,0.5126748,-0.1926809,-0.6427038,0.2395893,-0.7017143,0.18
-0.7041371,1.421516,0.5117191,-0.7041371,22.60651,0.5117191,-0.1928804,-0.6426035,0.2397398,-0.7016999,0.18
-0.7040952,1.421524,0.5107996,-0.7040952,22.60652,0.5107996,-0.1933199,-0.642391,0.2401768,-0.701624,0.18
-0.7038076,1.421207,0.5100201,-0.7038076,22.6062,0.5100201,-0.1938999,-0.6422226,0.2406049,-0.7014716,0.18
-0.7036268,1.421074,0.5089961,-0.7036268,22.60607,0.5089961,-0.1943513,-0.6418554,0.2412226,-0.7014706,0.18
-0.7037934,1.421257,0.5082283,-0.7037934,22.60625,0.5082283,-0.1949062,-0.6417305,0.2414557,-0.7013506,0.18
-0.7034705,1.421103,0.5073099,-0.7034705,22.60609,0.5073099,-0.1954216,-0.6415071,0.2415159,-0.7013908,0.18
-0.7032508,1.421088,0.5063134,-0.7032508,22.60608,0.5063134,-0.1956508,-0.6411864,0.2415207,-0.7016186,0.18
-0.702952,1.42112,0.5052791,-0.702952,22.60611,0.5052791,-0.1957488,-0.6411407,0.2415877,-0.7016099,0.18
-0.7026404,1.421063,0.5042084,-0.7026404,22.60606,0.5042084,-0.1956155,-0.6410507,0.2416739,-0.7016996,0.18
-0.7023449,1.421035,0.5031044,-0.7023449,22.60603,0.5031044,-0.1950545,-0.6409586,0.2414294,-0.702024,0.18
-0.7021153,1.42136,0.502441,-0.7021153,22.60635,0.502441,-0.1949877,-0.6410442,0.2415547,-0.7019213,0.18
-0.7017502,1.421252,0.5013691,-0.7017502,22.60625,0.5013691,-0.1948401,-0.6410363,0.241615,-0.7019488,0.18
-0.7014136,1.421176,0.5004084,-0.7014136,22.60617,0.5004084,-0.1947001,-0.6409275,0.2416371,-0.7020793,0.18
-0.7010634,1.421136,0.4993489,-0.7010634,22.60613,0.4993489,-0.1948774,-0.6408084,0.2417626,-0.7020956,0.18
-0.7007838,1.420729,0.4983094,-0.7007838,22.60572,0.4983094,-0.1951409,-0.6406952,0.2421552,-0.7019905,0.18
-0.7006505,1.42072,0.4975823,-0.7006505,22.60571,0.4975823,-0.1956282,-0.640664,0.2425428,-0.7017495,0.18
-0.7002439,1.420309,0.4964485,-0.7002439,22.6053,0.4964485,-0.1962691,-0.6404106,0.2433571,-0.7015198,0.18
-0.6998732,1.419771,0.4953418,-0.6998732,22.60476,0.4953418,-0.1969947,-0.6402327,0.2444021,-0.7011154,0.18
-0.6994472,1.419189,0.4942641,-0.6994472,22.60418,0.4942641,-0.1979708,-0.6399952,0.2454946,-0.7006755,0.18
-0.6991358,1.41873,0.4932493,-0.6991358,22.60372,0.4932493,-0.1989386,-0.6397016,0.2467445,-0.7002303,0.18
-0.6985922,1.417889,0.492062,-0.6985922,22.60288,0.492062,-0.2002798,-0.639581,0.2484376,-0.6993589,0.18
-0.6980631,1.417097,0.4909781,-0.6980631,22.60209,0.4909781,-0.2015455,-0.6393468,0.2497245,-0.6987509,0.18
-0.697461,1.41618,0.4896969,-0.697461,22.60117,0.4896969,-0.2034071,-0.6391641,0.2515451,-0.6977248,0.18
-0.696871,1.415169,0.4883335,-0.696871,22.60016,0.4883335,-0.205479,-0.6389018,0.2535198,-0.6966424,0.18
-0.696871,1.415169,0.4883335,-0.696871,22.60016,0.4883335,-0.205479,-0.6389018,0.2535198,-0.6966424,0.18
-0.6960454,1.413233,0.4858981,-0.6960454,22.59822,0.4858981,-0.2104994,-0.6379713,0.2575563,-0.6945124,0.18
-0.6956313,1.412142,0.4845848,-0.6956313,22.59713,0.4845848,-0.2130068,-0.6374927,0.2598055,-0.6933487,0.18
-0.6951954,1.411097,0.483384,-0.6951954,22.59609,0.483384,-0.215691,-0.636898,0.2621463,-0.6921832,0.18
-0.6948471,1.410172,0.4821168,-0.6948471,22.59516,0.4821168,-0.2180904,-0.636399,0.2643802,-0.6910399,0.18
-0.6943769,1.409099,0.4808164,-0.6943769,22.59409,0.4808164,-0.2204268,-0.6359361,0.2667125,-0.6898273,0.18
-0.6938827,1.408174,0.4796252,-0.6938827,22.59317,0.4796252,-0.2226965,-0.6354464,0.2687317,-0.6887652,0.18
-0.693417,1.407195,0.4781454,-0.693417,22.59219,0.4781454,-0.2250556,-0.6349463,0.2705384,-0.6877515,0.18
-0.6930691,1.40643,0.4768037,-0.6930691,22.59142,0.4768037,-0.2271206,-0.6344995,0.272367,-0.6867626,0.18
-0.6925652,1.405662,0.4754152,-0.6925652,22.59065,0.4754152,-0.2288439,-0.6341017,0.2738646,-0.685962,0.18
-0.6920435,1.405003,0.474069,-0.6920435,22.58999,0.474069,-0.230349,-0.6337724,0.2749861,-0.6853135,0.18
-0.6915753,1.404337,0.4727212,-0.6915753,22.58933,0.4727212,-0.2317832,-0.6334166,0.2759613,-0.6847667,0.18
-0.6909212,1.403825,0.4714123,-0.6909212,22.58882,0.4714123,-0.2329026,-0.6330065,0.276649,-0.6844885,0.18
-0.6902051,1.403198,0.4699552,-0.6902051,22.58819,0.4699552,-0.2339437,-0.6326565,0.2771916,-0.6842375,0.18
-0.6895412,1.402723,0.4687275,-0.6895412,22.58772,0.4687275,-0.2347103,-0.632305,0.2777129,-0.6840885,0.18
-0.6888682,1.402248,0.467327,-0.6888682,22.58724,0.467327,-0.2356326,-0.6318062,0.2782708,-0.6840056,0.18
-0.6880536,1.401762,0.4657265,-0.6880536,22.58675,0.4657265,-0.2362244,-0.6312696,0.278567,-0.6841763,0.18
-0.6871579,1.401461,0.4644493,-0.6871579,22.58645,0.4644493,-0.2365214,-0.6307389,0.2788531,-0.6844466,0.18
-0.6864218,1.401071,0.463098,-0.6864218,22.58606,0.463098,-0.2366567,-0.6302528,0.2790621,-0.6847623,0.18
-0.6856242,1.400732,0.4616582,-0.6856242,22.58572,0.4616582,-0.2363121,-0.6298206,0.2790995,-0.6852636,0.18
-0.6847112,1.400463,0.4603521,-0.6847112,22.58545,0.4603521,-0.2363729,-0.629301,0.2794957,-0.6855584,0.18
-0.6839848,1.400115,0.4589154,-0.6839848,22.58511,0.4589154,-0.2359654,-0.6285099,0.2797881,-0.6863048,0.18
-0.6834198,1.399826,0.4575173,-0.6834198,22.58482,0.4575173,-0.2361579,-0.6276561,0.2801441,-0.6868746,0.18
-0.6826609,1.399496,0.4561529,-0.6826609,22.58449,0.4561529,-0.2367316,-0.6266049,0.280881,-0.6873357,0.18
-0.6821221,1.399086,0.4546633,-0.6821221,22.58408,0.4546633,-0.2374015,-0.6253629,0.2813971,-0.6880243,0.18
-0.6814672,1.398584,0.4528384,-0.6814672,22.58358,0.4528384,-0.2385532,-0.6238506,0.2824519,-0.6885664,0.18
-0.6808112,1.39825,0.4512501,-0.6808112,22.58324,0.4512501,-0.2397011,-0.622501,0.2832626,-0.6890561,0.18
-0.6808112,1.39825,0.4512501,-0.6808112,22.58324,0.4512501,-0.2397011,-0.622501,0.2832626,-0.6890561,0.18
-0.6798781,1.397703,0.4481448,-0.6798781,22.5827,0.4481448,-0.2413711,-0.6201454,0.2833169,-0.6905732,0.18
-0.6791809,1.397295,0.4463773,-0.6791809,22.58229,0.4463773,-0.2418457,-0.6190346,0.2829046,-0.6915721,0.18
-0.6785156,1.396764,0.4447148,-0.6785156,22.58176,0.4447148,-0.2416498,-0.6181349,0.2817528,-0.6929141,0.18
-0.6778545,1.396103,0.4428709,-0.6778545,22.58109,0.4428709,-0.2414501,-0.6173456,0.2809797,-0.6940005,0.18
-0.6772821,1.395456,0.4411994,-0.6772821,22.58045,0.4411994,-0.2409642,-0.6168263,0.2802891,-0.6949099,0.18
-0.6769878,1.394657,0.439539,-0.6769878,22.57965,0.439539,-0.2407677,-0.6162161,0.2796906,-0.6957599,0.18
-0.6770126,1.393855,0.4379169,-0.6770126,22.57885,0.4379169,-0.2407301,-0.6156468,0.279518,-0.696346,0.18
-0.6769445,1.392854,0.4361806,-0.6769445,22.57785,0.4361806,-0.2409504,-0.6149838,0.2796658,-0.6967962,0.18
-0.6769118,1.391978,0.4344721,-0.6769118,22.57697,0.4344721,-0.2413613,-0.6142483,0.280185,-0.6970941,0.18
-0.6772562,1.39144,0.4331948,-0.6772562,22.57643,0.4331948,-0.2419609,-0.6137733,0.2814099,-0.6968112,0.18
-0.6774646,1.390649,0.4317465,-0.6774646,22.57564,0.4317465,-0.2423562,-0.6133035,0.2825693,-0.6966182,0.18
-0.6777649,1.390019,0.4305289,-0.6777649,22.57501,0.4305289,-0.2429077,-0.613047,0.2841305,-0.6960166,0.18
-0.6779578,1.389327,0.4291705,-0.6779578,22.57432,0.4291705,-0.2433391,-0.6128278,0.2860785,-0.6952607,0.18
-0.6784931,1.388758,0.4279896,-0.6784931,22.57375,0.4279896,-0.2437888,-0.6126511,0.2883574,-0.6943167,0.18
-0.6789451,1.388409,0.4267632,-0.6789451,22.5734,0.4267632,-0.2445308,-0.6124148,0.2907314,-0.6932735,0.18
-0.6794441,1.388355,0.4258308,-0.6794441,22.57335,0.4258308,-0.2450617,-0.6123255,0.2936324,-0.6919409,0.18
-0.6800653,1.388263,0.4247345,-0.6800653,22.57326,0.4247345,-0.2453392,-0.6123161,0.2962189,-0.6907475,0.18
-0.6807239,1.388574,0.4242128,-0.6807239,22.57357,0.4242128,-0.2451977,-0.612379,0.297841,-0.6900441,0.18
-0.6813202,1.388924,0.423244,-0.6813202,22.57392,0.423244,-0.2453481,-0.6123325,0.2996942,-0.6892291,0.18
-0.6818058,1.389256,0.422372,-0.6818058,22.57425,0.422372,-0.2448013,-0.6125445,0.3008306,-0.6887398,0.18
-0.6821065,1.38967,0.4215956,-0.6821065,22.57466,0.4215956,-0.2443438,-0.6127263,0.301445,-0.688472,0.18
-0.6823184,1.390358,0.4210441,-0.6823184,22.57535,0.4210441,-0.2435485,-0.6131004,0.3012034,-0.6885265,0.18
-0.6823184,1.390358,0.4210441,-0.6823184,22.57535,0.4210441,-0.2435485,-0.6131004,0.3012034,-0.6885265,0.18
-0.6826404,1.39181,0.419847,-0.6826404,22.5768,0.419847,-0.2413936,-0.6139262,0.2992184,-0.6894144,0.18
-0.6826426,1.392468,0.4193988,-0.6826426,22.57746,0.4193988,-0.240385,-0.6143459,0.2975954,-0.6900951,0.18
-0.682591,1.393109,0.4189193,-0.682591,22.5781,0.4189193,-0.2393207,-0.6148481,0.2955066,-0.6909149,0.18
-0.6826582,1.393739,0.4185535,-0.6826582,22.57873,0.4185535,-0.2382484,-0.6151526,0.2939096,-0.6916952,0.18
-0.6825873,1.39427,0.418339,-0.6825873,22.57926,0.418339,-0.2374509,-0.6156169,0.2922648,-0.6922531,0.18
-0.6827058,1.394655,0.417984,-0.6827058,22.57965,0.417984,-0.2366284,-0.6160404,0.2908241,-0.6927645,0.18
-0.6828914,1.395041,0.417631,-0.6828914,22.58003,0.417631,-0.2363741,-0.6162015,0.2897563,-0.6931554,0.18
-0.6830496,1.395336,0.4174408,-0.6830496,22.58033,0.4174408,-0.2364425,-0.6161329,0.2890516,-0.6934871,0.18
-0.6832114,1.395599,0.4171871,-0.6832114,22.58059,0.4171871,-0.2367975,-0.6159012,0.2886289,-0.6937479,0.18
-0.6833241,1.39592,0.4170244,-0.6833241,22.58091,0.4170244,-0.2374425,-0.6154521,0.2884693,-0.6939923,0.18
-0.6833423,1.39622,0.4169871,-0.6833423,22.58121,0.4169871,-0.237409,-0.6153747,0.2881823,-0.6941916,0.18
-0.6832011,1.396435,0.4168236,-0.6832011,22.58143,0.4168236,-0.2374611,-0.6151043,0.2878455,-0.6945531,0.18
-0.6832011,1.396435,0.4168236,-0.6832011,22.58143,0.4168236,-0.2374611,-0.6151043,0.2878455,-0.6945531,0.18
-0.6828747,1.397048,0.4166596,-0.6828747,22.58204,0.4166596,-0.2367822,-0.6151151,0.2868088,-0.6952038,0.18
-0.6824332,1.397379,0.4167022,-0.6824332,22.58237,0.4167022,-0.2365102,-0.6149787,0.2863452,-0.695608,0.18
-0.6819956,1.397719,0.4167624,-0.6819956,22.58271,0.4167624,-0.2362115,-0.6148054,0.2861069,-0.6959608,0.18
-0.6814281,1.398084,0.4168179,-0.6814281,22.58308,0.4168179,-0.2357952,-0.6146485,0.2858309,-0.6963538,0.18
-0.6807529,1.398535,0.4168357,-0.6807529,22.58353,0.4168357,-0.2354236,-0.6145581,0.2856891,-0.6966174,0.18
-0.6799446,1.39887,0.4168984,-0.6799446,22.58386,0.4168984,-0.2345448,-0.6146401,0.2851635,-0.6970568,0.18
-0.6791859,1.399207,0.4169338,-0.6791859,22.5842,0.4169338,-0.23365,-0.6145789,0.2845894,-0.6976457,0.18
-0.6781534,1.39944,0.4170845,-0.6781534,22.58443,0.4170845,-0.2324727,-0.6147532,0.2838535,-0.6981849,0.18
-0.6771517,1.399678,0.4173709,-0.6771517,22.58467,0.4173709,-0.2315098,-0.6149289,0.2832701,-0.698587,0.18
-0.6758457,1.39971,0.417457,-0.6758457,22.5847,0.417457,-0.2305911,-0.6149164,0.2827953,-0.699094,0.18
-0.6746942,1.399858,0.4178243,-0.6746942,22.58485,0.4178243,-0.2296911,-0.6151278,0.2826903,-0.6992468,0.18
-0.6734346,1.39996,0.4180945,-0.6734346,22.58495,0.4180945,-0.228792,-0.6152924,0.2827729,-0.6993634,0.18
-0.6723514,1.400144,0.4185312,-0.6723514,22.58514,0.4185312,-0.2283067,-0.6154182,0.2829715,-0.6993309,0.18
-0.6723514,1.400144,0.4185312,-0.6723514,22.58514,0.4185312,-0.2283067,-0.6154182,0.2829715,-0.6993309,0.18
-0.6700004,1.400167,0.4193848,-0.6700004,22.58516,0.4193848,-0.2279662,-0.6153216,0.2830434,-0.6994978,0.18
-0.6690599,1.400354,0.4198033,-0.6690599,22.58535,0.4198033,-0.2280353,-0.6151716,0.2828041,-0.699704,0.18
-0.667838,1.400313,0.4202391,-0.667838,22.58531,0.4202391,-0.2280981,-0.6150497,0.282858,-0.6997689,0.18
-0.666576,1.400302,0.420593,-0.666576,22.58529,0.420593,-0.228089,-0.6150905,0.2827582,-0.6997764,0.18
-0.6654748,1.40039,0.4210706,-0.6654748,22.58538,0.4210706,-0.2282413,-0.6152045,0.2827277,-0.6996388,0.18
-0.6642209,1.400418,0.4214886,-0.6642209,22.58541,0.4214886,-0.2283411,-0.6152544,0.2828887,-0.6994972,0.18
-0.6628008,1.400452,0.4220654,-0.6628008,22.58544,0.4220654,-0.228658,-0.6153861,0.2830361,-0.6992182,0.18
-0.6614622,1.400515,0.422538,-0.6614622,22.58551,0.422538,-0.229258,-0.6152874,0.2830817,-0.6990902,0.18
-0.6600767,1.400623,0.4230137,-0.6600767,22.58562,0.4230137,-0.2294001,-0.6152865,0.2831469,-0.6990179,0.18
-0.6585703,1.400721,0.4234226,-0.6585703,22.58571,0.4234226,-0.2296608,-0.6151685,0.2826437,-0.6992397,0.18
-0.6573918,1.40105,0.4240351,-0.6573918,22.58604,0.4240351,-0.2299228,-0.6152605,0.2819029,-0.6993717,0.18
-0.6556735,1.401248,0.4244814,-0.6556735,22.58624,0.4244814,-0.2296473,-0.6153904,0.2811387,-0.6996556,0.18
-0.6540815,1.401371,0.4250044,-0.6540815,22.58636,0.4250044,-0.2293651,-0.6157748,0.2800602,-0.6998425,0.18
-0.6524155,1.401423,0.4256574,-0.6524155,22.58641,0.4256574,-0.2286065,-0.6163189,0.2786447,-0.7001767,0.18
-0.6508313,1.401434,0.4261713,-0.6508313,22.58643,0.4261713,-0.2278743,-0.6167278,0.2774381,-0.7005343,0.18
-0.6492401,1.401563,0.4268701,-0.6492401,22.58656,0.4268701,-0.2276948,-0.6170002,0.2765426,-0.7007069,0.18
-0.6476456,1.401716,0.4275876,-0.6476456,22.58671,0.4275876,-0.2277311,-0.61724,0.27593,-0.7007254,0.18
-0.6457601,1.40214,0.428025,-0.6457601,22.58713,0.428025,-0.2276375,-0.6174054,0.2756777,-0.7007093,0.18
-0.6437593,1.402434,0.4287767,-0.6437593,22.58743,0.4287767,-0.2268479,-0.6183167,0.2744148,-0.7006576,0.18
-0.6416372,1.402716,0.4295083,-0.6416372,22.58771,0.4295083,-0.2250975,-0.6193806,0.2727695,-0.7009248,0.18
-0.639161,1.402958,0.4301898,-0.639161,22.58795,0.4301898,-0.2221914,-0.6212067,0.2698487,-0.7013665,0.18
-0.6367702,1.403077,0.4309846,-0.6367702,22.58807,0.4309846,-0.2195551,-0.6229297,0.2670107,-0.7017546,0.18
-0.6343266,1.403515,0.4317813,-0.6343266,22.58851,0.4317813,-0.2179284,-0.6241935,0.2649336,-0.7019259,0.18
-0.6318372,1.404149,0.4325691,-0.6318372,22.58914,0.4325691,-0.2173438,-0.625237,0.2634094,-0.701752,0.18
-0.6290027,1.404995,0.4336221,-0.6290027,22.58999,0.4336221,-0.2161015,-0.6266826,0.2614526,-0.701578,0.18
-0.6259305,1.405748,0.4345734,-0.6259305,22.59074,0.4345734,-0.2139005,-0.6284385,0.2592595,-0.7014957,0.18
-0.6259305,1.405748,0.4345734,-0.6259305,22.59074,0.4345734,-0.2139005,-0.6284385,0.2592595,-0.7014957,0.18
-0.6188136,1.406918,0.4367332,-0.6188136,22.59191,0.4367332,-0.2065931,-0.6335807,0.2531536,-0.7012903,0.18
-0.6153604,1.40731,0.437848,-0.6153604,22.5923,0.437848,-0.2019929,-0.6367074,0.2493069,-0.7011766,0.18
-0.6115671,1.407758,0.4390117,-0.6115671,22.59275,0.4390117,-0.1983964,-0.6398632,0.2459896,-0.7005021,0.18
-0.6115671,1.407758,0.4390117,-0.6115671,22.59275,0.4390117,-0.1983964,-0.6398632,0.2459896,-0.7005021,0.18
-0.6043746,1.409247,0.4415963,-0.6043746,22.59424,0.4415963,-0.1961429,-0.6442242,0.2432071,-0.6981071,0.18
-0.6005397,1.410081,0.4430791,-0.6005397,22.59507,0.4430791,-0.1952296,-0.6466132,0.2422855,-0.696473,0.18
-0.5960335,1.411104,0.4447167,-0.5960335,22.5961,0.4447167,-0.1938721,-0.6495857,0.2407317,-0.6946225,0.18
-0.5913374,1.411976,0.4462973,-0.5913374,22.59697,0.4462973,-0.1914815,-0.6529576,0.2380239,-0.6930556,0.18
-0.5863936,1.412726,0.447855,-0.5863936,22.59772,0.447855,-0.1880247,-0.6564633,0.234063,-0.6920385,0.18
-0.581019,1.413162,0.4495871,-0.581019,22.59815,0.4495871,-0.1835582,-0.660623,0.2282142,-0.6912322,0.18
-0.575861,1.413532,0.4511532,-0.575861,22.59852,0.4511532,-0.1798937,-0.6642865,0.2227752,-0.6904585,0.18
-0.5704411,1.41394,0.4528724,-0.5704411,22.59893,0.4528724,-0.1769104,-0.6677884,0.2176081,-0.6894984,0.18
-0.5654171,1.414463,0.4546041,-0.5654171,22.59945,0.4546041,-0.1742582,-0.6712428,0.2134764,-0.6881098,0.18
-0.5602901,1.414948,0.4565767,-0.5602901,22.59994,0.4565767,-0.1707488,-0.6750646,0.209403,-0.6865006,0.18
-0.5550505,1.415335,0.458414,-0.5550505,22.60033,0.458414,-0.1666526,-0.6791712,0.2049111,-0.6848101,0.18
-0.5496546,1.415759,0.4605532,-0.5496546,22.60075,0.4605532,-0.1619723,-0.6832982,0.2001391,-0.6832371,0.18
-0.5437406,1.416381,0.4626403,-0.5437406,22.60123,0.4626403,-0.1583349,-0.6874599,0.1950682,-0.681379,0.18
-0.5382345,1.417296,0.4646249,-0.5382345,22.60206,0.4646249,-0.156242,-0.6905956,0.1917646,-0.6796268,0.18
-0.5327367,1.418802,0.4666749,-0.5327367,22.60363,0.4666749,-0.1562831,-0.6930913,0.1893971,-0.6777381,0.18
-0.5275648,1.420555,0.4686904,-0.5275648,22.60525,0.4686904,-0.1564915,-0.6954563,0.1871313,-0.6758941,0.18
-0.5221237,1.422459,0.4706117,-0.5221237,22.607,0.4706117,-0.1570576,-0.6976123,0.1850927,-0.6740999,0.18
-0.5170612,1.424201,0.4725622,-0.5170612,22.60843,0.4725622,-0.1580063,-0.6994302,0.1823983,-0.6727275,0.18
-0.5120587,1.426436,0.4743031,-0.5120587,22.61017,0.4743031,-0.1604406,-0.7006261,0.1806323,-0.6713821,0.18
-0.5066993,1.428827,0.4759902,-0.5066993,22.61189,0.4759902,-0.1622893,-0.7018774,0.178854,-0.6701057,0.18
-0.5016055,1.431003,0.4778501,-0.5016055,22.61326,0.4778501,-0.1626202,-0.7030878,0.1755538,-0.669629,0.18
-0.4955938,1.432146,0.4793034,-0.4955938,22.61325,0.4793034,-0.1608296,-0.7049015,0.169432,-0.6697318,0.18
-0.4955938,1.432146,0.4793034,-0.4955938,22.61205,0.4793034,-0.1608296,-0.7049015,0.169432,-0.6697318,0.18
-0.4955938,1.432146,0.4793034,-0.4955938,22.61144,0.4793034,-0.1608296,-0.7049015,0.169432,-0.6697318,0.18
-0.4843106,1.433421,0.4827,-0.4843106,22.61242,0.4827,-0.1539204,-0.708551,0.1546853,-0.6710711,0.18
-0.4791558,1.433869,0.4842703,-0.4791558,22.61124,0.4842703,-0.1501908,-0.7099429,0.1493102,-0.6716623,0.18
-0.472757,1.434142,0.4862087,-0.472757,22.60939,0.4862087,-0.1471516,-0.7112995,0.144882,-0.6718696,0.18
-0.4674623,1.434479,0.487992,-0.4674623,22.60851,0.487992,-0.1460111,-0.7122902,0.1420026,-0.6716836,0.18
-0.4602365,1.434014,0.4902415,-0.4602365,22.61097,0.4902415,-0.1482484,-0.7123687,0.1422664,-0.6710542,0.18
-0.4563572,1.433594,0.4917804,-0.4563572,22.61559,0.4917804,-0.1496291,-0.712441,0.1428313,-0.6705508,0.18
-0.4525515,1.432579,0.4929707,-0.4525515,22.61918,0.4929707,-0.1513897,-0.7123333,0.1446163,-0.669887,0.18
-0.4488813,1.431641,0.4942659,-0.4488813,22.62227,0.4942659,-0.1521866,-0.7126693,0.1457724,-0.669098,0.18
-0.445487,1.430568,0.4956707,-0.445487,22.62499,0.4956707,-0.1525244,-0.7128233,0.1480942,-0.6683468,0.18
-0.4420973,1.429667,0.4968487,-0.4420973,22.62856,0.4968487,-0.1530823,-0.713156,0.1502979,-0.6673716,0.18
-0.4386134,1.428748,0.4982941,-0.4386134,22.63215,0.4982941,-0.1540224,-0.7134445,0.1536583,-0.6660805,0.18
-0.4354304,1.42792,0.4994982,-0.4354304,22.6366,0.4994982,-0.1551857,-0.7134323,0.1577846,-0.6648577,0.18
-0.432647,1.42726,0.500602,-0.432647,22.64185,0.500602,-0.1560678,-0.7135189,0.1613346,-0.6637055,0.18
-0.4299482,1.426602,0.5016848,-0.4299482,22.64712,0.5016848,-0.1575393,-0.7136351,0.1651269,-0.6622986,0.18
-0.4275477,1.425879,0.5028964,-0.4275477,22.65254,0.5028964,-0.1588805,-0.7137353,0.1684171,-0.6610405,0.18
-0.4255354,1.425013,0.5037878,-0.4255354,22.65801,0.5037878,-0.1610406,-0.713634,0.1719688,-0.6597115,0.18
-0.4235853,1.424265,0.5048754,-0.4235853,22.66378,0.5048754,-0.1633182,-0.7137197,0.1754082,-0.6581514,0.18
-0.4222065,1.423705,0.5059536,-0.4222065,22.66989,0.5059536,-0.1656937,-0.7137825,0.1792498,-0.6564525,0.18
-0.4207034,1.423326,0.5069538,-0.4207034,22.67631,0.5069538,-0.1678325,-0.7137996,0.1826488,-0.6549518,0.18
-0.4191086,1.423233,0.507949,-0.4191086,22.68314,0.507949,-0.1699717,-0.7138486,0.1861301,-0.6533647,0.18
-0.4181478,1.423711,0.509123,-0.4181478,22.69062,0.509123,-0.1715663,-0.7140191,0.1885751,-0.6520592,0.18
-0.4181478,1.423711,0.509123,-0.4181478,22.6977,0.509123,-0.1715663,-0.7140191,0.1885751,-0.6520592,0.18
-0.415969,1.424743,0.5107949,-0.415969,22.70584,0.5107949,-0.174152,-0.7142417,0.1913491,-0.6503194,0.18
-0.415969,1.424743,0.5107949,-0.415969,22.71296,0.5107949,-0.174152,-0.7142417,0.1913491,-0.6503194,0.18
-0.4147595,1.425413,0.5116738,-0.4147595,22.72074,0.5116738,-0.1754386,-0.7142407,0.1923288,-0.6496855,0.18
-0.4132859,1.427093,0.512987,-0.4132859,22.7295,0.512987,-0.1777812,-0.7142973,0.1934064,-0.6486658,0.18
-0.4132859,1.427093,0.512987,-0.4132859,22.7365,0.512987,-0.1777812,-0.7142973,0.1934064,-0.6486658,0.18
-0.4122492,1.429122,0.5144467,-0.4122492,22.74545,0.5144467,-0.1784896,-0.7148711,0.1935855,-0.6477851,0.18
-0.4118026,1.430001,0.5152022,-0.4118026,22.75314,0.5152022,-0.1777033,-0.7152303,0.1936183,-0.6475949,0.18
-0.4111855,1.430843,0.5157485,-0.4111855,22.76065,0.5157485,-0.1766948,-0.7157131,0.193382,-0.647408,0.18
-0.4111855,1.430843,0.5157485,-0.4111855,22.76716,0.5157485,-0.1766948,-0.7157131,0.193382,-0.647408,0.18
-0.4106246,1.431669,0.5162039,-0.4106246,22.77432,0.5162039,-0.1757755,-0.7161307,0.1931325,-0.647271,0.18
-0.4097512,1.4329,0.5169562,-0.4097512,22.78169,0.5169562,-0.1733389,-0.7173672,0.1918237,-0.646948,0.18
-0.4092243,1.433361,0.5171739,-0.4092243,22.78809,0.5171739,-0.1720157,-0.7179019,0.1908532,-0.646995,0.18
-0.4086837,1.433775,0.5173696,-0.4086837,22.79421,0.5173696,-0.1705404,-0.7184048,0.1905326,-0.6469219,0.18
-0.4083529,1.43416,0.5176837,-0.4083529,22.80007,0.5176837,-0.1691107,-0.7190628,0.1903889,-0.6466084,0.18
-0.4078689,1.434493,0.5178584,-0.4078689,22.80563,0.5178584,-0.1682623,-0.7196899,0.1906629,-0.6460511,0.18
-0.4075097,1.434674,0.5180376,-0.4075097,22.81078,0.5180376,-0.167628,-0.7201945,0.1913219,-0.6454585,0.18
-0.4070668,1.434808,0.5181707,-0.4070668,22.81564,0.5181707,-0.1676102,-0.7205018,0.1919954,-0.64492,0.18
-0.4066839,1.435016,0.5182146,-0.4066839,22.8203,0.5182146,-0.1680842,-0.7207502,0.1927828,-0.644284,0.18
-0.4062879,1.435091,0.5180931,-0.4062879,22.82457,0.5180931,-0.1688984,-0.7208424,0.1940241,-0.6435949,0.18
-0.4059918,1.435137,0.5180274,-0.4059918,22.82856,0.5180274,-0.169445,-0.7210035,0.1949839,-0.6429802,0.18
-0.4051974,1.434803,0.5175502,-0.4051974,22.8319,0.5175502,-0.1701896,-0.7209676,0.196251,-0.6424382,0.18
-0.4046574,1.434791,0.517323,-0.4046574,22.83531,0.517323,-0.1707325,-0.7211567,0.1974201,-0.6417233,0.18
-0.4040358,1.434838,0.5169916,-0.4040358,22.83854,0.5169916,-0.1716232,-0.7211122,0.1984685,-0.6412122,0.18
-0.4032243,1.434789,0.5165695,-0.4032243,22.84142,0.5165695,-0.1718746,-0.7213134,0.1990675,-0.6407326,0.18
-0.4024862,1.43479,0.5159911,-0.4024862,22.84413,0.5159911,-0.172022,-0.7215965,0.1995164,-0.6402345,0.18
-0.4016083,1.434801,0.5155504,-0.4016083,22.84662,0.5155504,-0.1717601,-0.7220176,0.1999098,-0.6397071,0.18
-0.4007237,1.434899,0.5150725,-0.4007237,22.84899,0.5150725,-0.1717713,-0.7224105,0.2001887,-0.6391732,0.18
-0.3997822,1.434881,0.5143057,-0.3997822,22.85103,0.5143057,-0.1714394,-0.7229308,0.2002547,-0.638653,0.18
-0.3987947,1.434899,0.5136538,-0.3987947,22.85293,0.5136538,-0.1711143,-0.7234086,0.2002448,-0.6382021,0.18
-0.3975413,1.43493,0.5129806,-0.3975413,22.85465,0.5129806,-0.1705025,-0.7240396,0.1997145,-0.6378164,0.18
-0.3962669,1.434906,0.5121578,-0.3962669,22.85616,0.5121578,-0.1700003,-0.7246709,0.1994314,-0.6373218,0.18
-0.3962669,1.434906,0.5121578,-0.3962669,22.85753,0.5121578,-0.1700003,-0.7246709,0.1994314,-0.6373218,0.18
-0.3930694,1.434551,0.5106009,-0.3930694,22.8584,0.5106009,-0.1683009,-0.7260373,0.1988935,-0.6363851,0.18
-0.3913476,1.43418,0.5097312,-0.3913476,22.85912,0.5097312,-0.1677474,-0.7266019,0.1987942,-0.6359178,0.18
-0.389552,1.43378,0.5090033,-0.389552,22.85969,0.5090033,-0.1678712,-0.7270256,0.1988572,-0.635381,0.18
-0.3876994,1.433298,0.5080701,-0.3876994,22.86007,0.5080701,-0.1684564,-0.7270641,0.199197,-0.6350754,0.18
-0.385914,1.432829,0.5071925,-0.385914,22.86035,0.5071925,-0.1695279,-0.7269744,0.199497,-0.6347988,0.18
-0.3840568,1.43243,0.5064178,-0.3840568,22.86062,0.5064178,-0.1703848,-0.7268661,0.1996425,-0.6346476,0.18
-0.3819118,1.431903,0.5054827,-0.3819118,22.86067,0.5054827,-0.1713102,-0.7266136,0.1996172,-0.6346955,0.18
-0.37964,1.43155,0.504626,-0.37964,22.86082,0.504626,-0.1719308,-0.7264479,0.1997323,-0.6346812,0.18
-0.3774674,1.430999,0.503682,-0.3774674,22.86071,0.503682,-0.1723262,-0.7261534,0.1995766,-0.63496,0.18
-0.3751972,1.430425,0.5027776,-0.3751972,22.86042,0.5027776,-0.1728706,-0.725912,0.1996725,-0.6350577,0.18
-0.3728797,1.429849,0.5018257,-0.3728797,22.85984,0.5018257,-0.1734251,-0.7253854,0.2004671,-0.6352581,0.18
-0.3702694,1.429131,0.5006831,-0.3702694,22.85912,0.5006831,-0.1742753,-0.7247187,0.201565,-0.6354389,0.18
-0.3679645,1.428563,0.4997531,-0.3679645,22.85855,0.4997531,-0.1749535,-0.724127,0.2026637,-0.6355776,0.18
-0.3655114,1.428087,0.4986616,-0.3655114,22.85808,0.4986616,-0.1756285,-0.7234116,0.2042004,-0.6357143,0.18
-0.3632579,1.427552,0.4976438,-0.3632579,22.85754,0.4976438,-0.175971,-0.7228111,0.2057666,-0.6357975,0.18
-0.3607816,1.427167,0.4966615,-0.3607816,22.85716,0.4966615,-0.1764824,-0.7221503,0.2076925,-0.6357805,0.18
-0.358197,1.426854,0.4956837,-0.358197,22.85685,0.4956837,-0.1768004,-0.7215015,0.2094968,-0.6358368,0.18
-0.3554831,1.426619,0.4946797,-0.3554831,22.85661,0.4946797,-0.1769917,-0.7208444,0.2111813,-0.6359715,0.18
-0.3524373,1.426141,0.4934053,-0.3524373,22.85613,0.4934053,-0.1767393,-0.7201652,0.2122156,-0.6364668,0.18
-0.3493445,1.425809,0.4922431,-0.3493445,22.8558,0.4922431,-0.1755669,-0.7196674,0.2126749,-0.6372005,0.18
-0.3460302,1.425401,0.4909286,-0.3460302,22.85539,0.4909286,-0.1743706,-0.7189159,0.2128047,-0.638333,0.18
-0.3429193,1.425103,0.4897965,-0.3429193,22.85509,0.4897965,-0.1735529,-0.7183547,0.2131425,-0.6390744,0.18
-0.3394781,1.42511,0.4884725,-0.3394781,22.8551,0.4884725,-0.1735059,-0.7172554,0.213993,-0.6400372,0.18
-0.3361812,1.425165,0.4871131,-0.3361812,22.85516,0.4871131,-0.1742612,-0.715776,0.2144282,-0.641341,0.18
-0.332435,1.425248,0.4855782,-0.332435,22.85524,0.4855782,-0.1748082,-0.7140983,0.2137481,-0.6432864,0.18
-0.3283432,1.425214,0.483984,-0.3283432,22.85521,0.483984,-0.1747912,-0.7125597,0.2120687,-0.6455491,0.18
-0.3283432,1.425214,0.483984,-0.3283432,22.85521,0.483984,-0.1747912,-0.7125597,0.2120687,-0.6455491,0.18
-0.3191409,1.423858,0.4805821,-0.3191409,22.85385,0.4805821,-0.1706537,-0.7107335,0.2059713,-0.6506237,0.18
-0.3143487,1.422816,0.4788477,-0.3143487,22.85281,0.4788477,-0.1679962,-0.7099987,0.2043134,-0.6526372,0.18
-0.30898,1.421756,0.4768025,-0.30898,22.85175,0.4768025,-0.1674442,-0.7082803,0.2053822,-0.6543085,0.18
-0.3041923,1.421016,0.4749902,-0.3041923,22.85101,0.4749902,-0.1685703,-0.7062932,0.2076622,-0.6554468,0.18
-0.2989445,1.42029,0.4726592,-0.2989445,22.85028,0.4726592,-0.1706662,-0.7036192,0.2107408,-0.6567963,0.18
-0.293957,1.419242,0.4703789,-0.293957,22.84924,0.4703789,-0.1721625,-0.701046,0.212382,-0.6586262,0.18
-0.2881844,1.417728,0.4679245,-0.2881844,22.84772,0.4679245,-0.1728432,-0.6984233,0.2130503,-0.6610141,0.18
-0.2823396,1.416179,0.4652966,-0.2823396,22.84617,0.4652966,-0.1719007,-0.6962973,0.2132141,-0.6634456,0.18
-0.2764299,1.414351,0.4626708,-0.2764299,22.84434,0.4626708,-0.1711382,-0.6940652,0.2145001,-0.6655637,0.18
-0.270622,1.412969,0.460004,-0.270622,22.84296,0.460004,-0.1719943,-0.6916236,0.2175715,-0.6668864,0.18
-0.2645006,1.411974,0.4570646,-0.2645006,22.84197,0.4570646,-0.1737827,-0.6886343,0.2226235,-0.6678482,0.18
-0.2565727,1.410748,0.4534259,-0.2565727,22.84074,0.4534259,-0.1753576,-0.6850923,0.2277795,-0.6693391,0.18
-0.250088,1.409875,0.4503214,-0.250088,22.83987,0.4503214,-0.1762647,-0.6825451,0.2316002,-0.6703912,0.18
-0.2441857,1.409378,0.4475837,-0.2441857,22.83937,0.4475837,-0.175541,-0.6805187,0.2340771,-0.6717793,0.18
-0.2365179,1.408614,0.4441936,-0.2365179,22.83861,0.4441936,-0.1732247,-0.6786429,0.235299,-0.6738483,0.18
-0.2282166,1.407354,0.4404664,-0.2282166,22.83735,0.4404664,-0.1685951,-0.6775621,0.2340962,-0.6765237,0.18
-0.218787,1.405615,0.4362105,-0.218787,22.83522,0.4362105,-0.1633347,-0.6767859,0.2317858,-0.6793807,0.18
-0.2114816,1.404264,0.4328915,-0.2114816,22.83362,0.4328915,-0.159854,-0.6762675,0.2303567,-0.6812083,0.18
-0.2024889,1.4027,0.4287708,-0.2024889,22.83186,0.4287708,-0.1572859,-0.6750821,0.2300353,-0.683088,0.18
-0.1945658,1.40153,0.424894,-0.1945658,22.83049,0.424894,-0.1559111,-0.6737849,0.2312961,-0.6842571,0.18
-0.1861477,1.400579,0.4208368,-0.1861477,22.82927,0.4208368,-0.1548446,-0.6721435,0.2330105,-0.6855308,0.18
-0.1861477,1.400579,0.4208368,-0.1861477,22.82904,0.4208368,-0.1548446,-0.6721435,0.2330105,-0.6855308,0.18
-0.1702569,1.398803,0.4132706,-0.1702569,22.82714,0.4132706,-0.1534319,-0.6688347,0.2346548,-0.6885172,0.18
-0.1702569,1.398803,0.4132706,-0.1702569,22.82681,0.4132706,-0.1534319,-0.6688347,0.2346548,-0.6885172,0.18
-0.154912,1.39749,0.4054854,-0.154912,22.82551,0.4054854,-0.1531654,-0.6658932,0.233756,-0.691726,0.18
-0.1473169,1.397623,0.4016923,-0.1473169,22.82618,0.4016923,-0.1562832,-0.6635741,0.2352453,-0.6927515,0.18
-0.1378741,1.399686,0.3969382,-0.1378741,22.82884,0.3969382,-0.1641604,-0.659283,0.2386987,-0.6938446,0.18
-0.1314912,1.401044,0.3935425,-0.1314912,22.83123,0.3935425,-0.1678464,-0.656957,0.2377718,-0.6954852,0.18
-0.1241164,1.40132,0.3900086,-0.1241164,22.8329,0.3900086,-0.1675742,-0.6560518,0.2345719,-0.697489,0.18
-0.1166091,1.400525,0.3870299,-0.1166091,22.83408,0.3870299,-0.1618997,-0.657729,0.2284125,-0.6992918,0.18
-0.1087222,1.400039,0.3838972,-0.1087222,22.83582,0.3838972,-0.1559804,-0.6592063,0.2256236,-0.7001509,0.18
-0.1028092,1.400466,0.3814155,-0.1028092,22.83928,0.3814155,-0.1529524,-0.6596542,0.2265436,-0.7000999,0.18
-0.09672427,1.400851,0.3787432,-0.09672427,22.84291,0.3787432,-0.1531143,-0.659027,0.227317,-0.7004046,0.18
-0.09161782,1.401293,0.3761812,-0.09161782,22.84647,0.3761812,-0.1567371,-0.657159,0.2288442,-0.7008609,0.18
-0.08678818,1.401537,0.3737475,-0.08678818,22.8506,0.3737475,-0.1610175,-0.654994,0.2308806,-0.7012492,0.18
-0.08279371,1.401468,0.3716229,-0.08279371,22.85468,0.3716229,-0.1635966,-0.652429,0.2341675,-0.7019531,0.18
-0.07872772,1.401544,0.3695861,-0.07872772,22.85916,0.3695861,-0.1653852,-0.6500182,0.2384114,-0.7023419,0.18
-0.07499456,1.401729,0.3676037,-0.07499456,22.86399,0.3676037,-0.167276,-0.6476304,0.2416823,-0.7029818,0.18
-0.07169771,1.402125,0.3655907,-0.07169771,22.86929,0.3655907,-0.1705226,-0.645023,0.2431437,-0.7040941,0.18
-0.06792307,1.402313,0.3633646,-0.06792307,22.87461,0.3633646,-0.1728259,-0.6426085,0.2432761,-0.7056928,0.18
-0.06479645,1.402692,0.3615103,-0.06479645,22.88037,0.3615103,-0.1735878,-0.6406234,0.2428718,-0.7074478,0.18
-0.06146049,1.403092,0.3597986,-0.06146049,22.88636,0.3597986,-0.1734145,-0.6391979,0.2435121,-0.7085587,0.18
-0.05874753,1.403565,0.3582613,-0.05874753,22.89263,0.3582613,-0.1720409,-0.6379824,0.244903,-0.709509,0.18
-0.05590391,1.404117,0.3567148,-0.05590391,22.89917,0.3567148,-0.1713047,-0.6367026,0.2463122,-0.7103484,0.18
-0.0534718,1.404626,0.3553164,-0.0534718,22.90585,0.3553164,-0.170738,-0.6353436,0.2473852,-0.7113281,0.18
-0.05105829,1.40534,0.3538529,-0.05105829,22.91288,0.3538529,-0.1707261,-0.6338201,0.2483073,-0.712368,0.18
-0.0462997,1.406863,0.350955,-0.0462997,22.92086,0.350955,-0.1693605,-0.6312175,0.2483938,-0.71497,0.18
-0.04422402,1.407708,0.3496038,-0.04422402,22.92828,0.3496038,-0.168452,-0.6301537,0.2483163,-0.716149,0.18
-0.04422402,1.407708,0.3496038,-0.04422402,22.93493,0.3496038,-0.168452,-0.6301537,0.2483163,-0.716149,0.18
-0.04247808,1.408551,0.3484923,-0.04247808,22.9425,0.3484923,-0.168025,-0.6292243,0.2483184,-0.7170652,0.18
-0.04247808,1.408551,0.3484923,-0.04247808,22.94925,0.3484923,-0.168025,-0.6292243,0.2483184,-0.7170652,0.18
-0.0395174,1.410012,0.3456432,-0.0395174,22.95749,0.3456432,-0.168238,-0.6266899,0.2491907,-0.7189296,0.18
-0.03841686,1.410862,0.3444676,-0.03841686,22.9651,0.3444676,-0.1693098,-0.6253067,0.2502133,-0.719527,0.18
-0.03740573,1.411795,0.3429018,-0.03740573,22.97275,0.3429018,-0.1704414,-0.6239066,0.2513314,-0.7200853,0.18
-0.03704929,1.412623,0.3419378,-0.03704929,22.98024,0.3419378,-0.1710798,-0.6232616,0.2521234,-0.7202156,0.18
-0.03630233,1.413578,0.3407437,-0.03630233,22.98776,0.3407437,-0.1709693,-0.6227145,0.2528697,-0.7204535,0.18
-0.03558517,1.414587,0.3396405,-0.03558517,22.99523,0.3396405,-0.1699573,-0.6228356,0.2531792,-0.7204795,0.18
-0.0346489,1.415456,0.3384187,-0.0346489,23.00242,0.3384187,-0.1681145,-0.6233665,0.2532816,-0.7204167,0.18
-0.03400993,1.416441,0.3374954,-0.03400993,23.00957,0.3374954,-0.1655531,-0.6245709,0.2530066,-0.7200633,0.18
-0.03322482,1.417415,0.3366052,-0.03322482,23.01653,0.3366052,-0.163427,-0.6258749,0.2527291,-0.7195138,0.18
-0.03254771,1.418484,0.3357694,-0.03254771,23.0234,0.3357694,-0.1615397,-0.627297,0.2526239,-0.7187383,0.18
-0.03166032,1.419633,0.3351377,-0.03166032,23.03014,0.3351377,-0.1600396,-0.6286727,0.2526578,-0.7178594,0.18
-0.03095579,1.420689,0.334618,-0.03095579,23.03657,0.334618,-0.1583453,-0.6304033,0.2521744,-0.7168867,0.18
-0.0304594,1.421835,0.3342592,-0.0304594,23.04285,0.3342592,-0.156627,-0.632073,0.2514519,-0.7160472,0.18
-0.0298183,1.42276,0.3340937,-0.0298183,23.04868,0.3340937,-0.1550319,-0.6340866,0.2503503,-0.7149994,0.18
-0.02923679,1.423541,0.3338871,-0.02923679,23.05411,0.3338871,-0.1542291,-0.6358662,0.2489515,-0.7140804,0.18
-0.02862978,1.424207,0.3336691,-0.02862978,23.05918,0.3336691,-0.1540815,-0.6373838,0.2475177,-0.7132571,0.18
-0.02828264,1.424827,0.3338627,-0.02828264,23.06394,0.3338627,-0.1551069,-0.6386659,0.2459575,-0.7124273,0.18
-0.02799034,1.425397,0.3338547,-0.02799034,23.06841,0.3338547,-0.1563831,-0.6396605,0.2446278,-0.7117135,0.18
-0.02767062,1.426453,0.3345687,-0.02767062,23.0731,0.3345687,-0.1611209,-0.6409007,0.2421281,-0.7103946,0.18
-0.02735472,1.42694,0.3350769,-0.02735472,23.07698,0.3350769,-0.1639038,-0.6411338,0.2405961,-0.710068,0.18
-0.02735472,1.42694,0.3350769,-0.02735472,23.08013,0.3350769,-0.1639038,-0.6411338,0.2405961,-0.710068,0.18
-0.02694392,1.427422,0.3356069,-0.02694392,23.08352,0.3356069,-0.1662291,-0.6415897,0.238567,-0.7098002,0.18
-0.02694392,1.427422,0.3356069,-0.02694392,23.08619,0.3356069,-0.1662291,-0.6415897,0.238567,-0.7098002,0.18
-0.02572274,1.427944,0.3372234,-0.02572274,23.08917,0.3372234,-0.1703608,-0.6422069,0.231868,-0.7104821,0.18
-0.02501369,1.428066,0.3379843,-0.02501369,23.09154,0.3379843,-0.1719785,-0.6422589,0.2283119,-0.7111966,0.18
-0.0240581,1.428112,0.33893,-0.0240581,23.09363,0.33893,-0.1739483,-0.6422839,0.2244016,-0.7119393,0.18
-0.02342486,1.42802,0.3395587,-0.02342486,23.09539,0.3395587,-0.1752881,-0.6421143,0.222012,-0.7125124,0.18
-0.02244067,1.427684,0.3404821,-0.02244067,23.09673,0.3404821,-0.1772156,-0.6415067,0.2195425,-0.7133477,0.18
-0.02151227,1.427438,0.3414842,-0.02151227,23.09799,0.3414842,-0.1791016,-0.6408823,0.2173177,-0.7141187,0.18
-0.02056336,1.427123,0.3425226,-0.02056336,23.09903,0.3425226,-0.1812636,-0.6398106,0.216303,-0.7148418,0.18
-0.01984477,1.427018,0.3438081,-0.01984477,23.10013,0.3438081,-0.1830706,-0.6389572,0.2156317,-0.7153474,0.18
-0.01890683,1.426548,0.3449996,-0.01890683,23.10073,0.3449996,-0.1844785,-0.6381138,0.2149603,-0.7159404,0.18
-0.01773643,1.425998,0.3463047,-0.01773643,23.10113,0.3463047,-0.1856592,-0.6372116,0.2143296,-0.7166275,0.18
-0.0165801,1.425392,0.3473997,-0.0165801,23.10137,0.3473997,-0.1868321,-0.6364858,0.213838,-0.7171144,0.18
-0.01557875,1.424806,0.3486338,-0.01557875,23.10152,0.3486338,-0.1877461,-0.6356159,0.2139066,-0.7176265,0.18
-0.01455307,1.424326,0.349919,-0.01455307,23.10169,0.349919,-0.1888618,-0.634875,0.2139816,-0.7179672,0.18
-0.01340294,1.424085,0.351172,-0.01340294,23.10201,0.351172,-0.1903077,-0.6337937,0.2151705,-0.7181854,0.18
-0.01229763,1.424003,0.3524768,-0.01229763,23.10242,0.3524768,-0.1919505,-0.6329587,0.2159297,-0.7182568,0.18
-0.009284735,1.424196,0.354844,-0.009284735,23.10304,0.354844,-0.1936701,-0.6316763,0.2167297,-0.718683,0.18
-0.007442951,1.42452,0.3559856,-0.007442951,23.10373,0.3559856,-0.1934683,-0.6316001,0.2166027,-0.7188426,0.18
-0.0055089,1.424814,0.3573595,-0.0055089,23.10434,0.3573595,-0.1929653,-0.6318089,0.2163363,-0.7188745,0.18
-0.003708601,1.425232,0.3586541,-0.003708601,23.10502,0.3586541,-0.192737,-0.6320299,0.2164176,-0.718717,0.18
-0.003708601,1.425232,0.3586541,-0.003708601,23.10522,0.3586541,-0.192737,-0.6320299,0.2164176,-0.718717,0.18
-0.001509428,1.425853,0.3598531,-0.001509428,23.10585,0.3598531,-0.1920833,-0.6325254,0.2167861,-0.7183449,0.18
-0.001509428,1.425853,0.3598531,-0.001509428,23.10585,0.3598531,-0.1920833,-0.6325254,0.2167861,-0.7183449,0.18
0.00355649,1.426865,0.3623348,0.00355649,23.10686,0.3623348,-0.1899285,-0.6343846,0.2168371,-0.7172622,0.18
0.008989096,1.427393,0.3653189,0.008989096,23.10739,0.3653189,-0.1858298,-0.63758,0.2143239,-0.7162572,0.18
0.008989096,1.427393,0.3653189,0.008989096,23.10739,0.3653189,-0.1858298,-0.63758,0.2143239,-0.7162572,0.18
0.01158428,1.427302,0.366745,0.01158428,23.10729,0.366745,-0.1846147,-0.6389921,0.2130171,-0.7157027,0.18
0.01623964,1.426807,0.3696712,0.01623964,23.1068,0.3696712,-0.1847846,-0.6414331,0.2118323,-0.7138245,0.18
0.01779842,1.426514,0.3709131,0.01779842,23.10651,0.3709131,-0.1864842,-0.6419691,0.2121705,-0.7127995,0.18
0.01779842,1.426514,0.3709131,0.01779842,23.10651,0.3709131,-0.1864842,-0.6419691,0.2121705,-0.7127995,0.18
0.02006459,1.426178,0.3727641,0.02006459,23.10617,0.3727641,-0.1897161,-0.6423947,0.2126377,-0.7114226,0.18
0.02203631,1.425848,0.374279,0.02203631,23.10584,0.374279,-0.1917734,-0.6431317,0.2124781,-0.7102519,0.18
0.02417922,1.425353,0.3758518,0.02417922,23.10534,0.3758518,-0.1934546,-0.6440526,0.2114966,-0.7092537,0.18
0.0263803,1.424973,0.3774674,0.0263803,23.10497,0.3774674,-0.1945002,-0.6452575,0.210255,-0.708241,0.18
0.02891922,1.424337,0.3792394,0.02891922,23.10433,0.3792394,-0.1952178,-0.6469024,0.2078838,-0.7072423,0.18
0.03120565,1.423855,0.3810002,0.03120565,23.10385,0.3810002,-0.196002,-0.6483417,0.2057919,-0.7063186,0.18
0.03347659,1.423449,0.3827668,0.03347659,23.10344,0.3827668,-0.1971892,-0.6496121,0.2037391,-0.7054154,0.18
0.03604484,1.423304,0.3845547,0.03604484,23.1033,0.3845547,-0.1988539,-0.6508665,0.2018716,-0.7043279,0.18
0.03886795,1.423289,0.3863651,0.03886795,23.10328,0.3863651,-0.2002863,-0.6520984,0.2000731,-0.7032951,0.18
0.04216552,1.42345,0.3882515,0.04216552,23.10344,0.3882515,-0.2004096,-0.6537769,0.1974503,-0.7024423,0.18
0.04540443,1.423474,0.3901724,0.04540443,23.10347,0.3901724,-0.1994442,-0.6560817,0.1939607,-0.7015398,0.18
0.04895163,1.423259,0.3923517,0.04895163,23.10325,0.3923517,-0.1968036,-0.6588511,0.1890732,-0.7010242,0.18
0.05229783,1.423024,0.3944044,0.05229783,23.10302,0.3944044,-0.19546,-0.6612734,0.1851918,-0.7001549,0.18
0.05603051,1.422951,0.3966937,0.05603051,23.10294,0.3966937,-0.1952493,-0.6634197,0.182347,-0.698929,0.18
0.0594821,1.423204,0.3989724,0.0594821,23.1032,0.3989724,-0.1961954,-0.6650269,0.1807948,-0.6975384,0.18
0.06304598,1.42347,0.4012998,0.06304598,23.10346,0.4012998,-0.1966744,-0.6666862,0.179199,-0.6962301,0.18
0.06709051,1.42389,0.403809,0.06709051,23.10388,0.403809,-0.1967152,-0.6684586,0.1770959,-0.6950563,0.18
0.07121062,1.42451,0.4064974,0.07121062,23.1045,0.4064974,-0.1960826,-0.6702222,0.1745213,-0.6941874,0.18
0.07600594,1.425035,0.4091998,0.07600594,23.10503,0.4091998,-0.1939516,-0.6723012,0.170635,-0.6937418,0.18
0.08049774,1.425056,0.4119402,0.08049774,23.10505,0.4119402,-0.1906963,-0.6744395,0.165633,-0.6937809,0.18
0.08049774,1.425056,0.4119402,0.08049774,23.10505,0.4119402,-0.1906963,-0.6744395,0.165633,-0.6937809,0.18
0.08995247,1.424842,0.4178137,0.08995247,23.10484,0.4178137,-0.1850873,-0.678373,0.1589048,-0.6930383,0.18
0.09489298,1.424892,0.4213258,0.09489298,23.10489,0.4213258,-0.1830682,-0.6800213,0.1584106,-0.6920717,0.18
0.09966207,1.424774,0.4245939,0.09966207,23.10477,0.4245939,-0.1805052,-0.6815639,0.1582224,-0.69127,0.18
0.1046231,1.424639,0.4279897,0.1046231,23.10463,0.4279897,-0.1773638,-0.6833118,0.1569616,-0.6906448,0.18
0.1094456,1.424074,0.4314712,0.1094456,23.10407,0.4314712,-0.1734095,-0.6848568,0.1545115,-0.6906711,0.18
0.1142464,1.423371,0.4349618,0.1142464,23.10336,0.4349618,-0.1698922,-0.6864171,0.151433,-0.6906782,0.18
0.1197114,1.422563,0.4387195,0.1197114,23.10256,0.4387195,-0.1661887,-0.6879551,0.1478444,-0.6908265,0.18
0.1244347,1.421554,0.4423333,0.1244347,23.10155,0.4423333,-0.1634431,-0.6889572,0.1450267,-0.69108,0.18
0.1244347,1.421554,0.4423333,0.1244347,23.10155,0.4423333,-0.1634431,-0.6889572,0.1450267,-0.69108,0.18
0.1327116,1.420139,0.4487898,0.1327116,23.09975,0.4487898,-0.1609802,-0.6904532,0.1410866,-0.6909808,0.18
0.1369023,1.419811,0.4524683,0.1369023,23.09851,0.4524683,-0.1611447,-0.6910781,0.1403954,-0.6904583,0.18
0.1418223,1.419718,0.4563836,0.1418223,23.09734,0.4563836,-0.1620431,-0.6915659,0.1403603,-0.6897664,0.18
0.1460495,1.420181,0.4599947,0.1460495,23.09645,0.4599947,-0.1633303,-0.6920517,0.141287,-0.6887857,0.18
0.1500607,1.420744,0.4637452,0.1500607,23.09571,0.4637452,-0.1648017,-0.6928011,0.1419548,-0.6875433,0.18
0.15418,1.421462,0.467276,0.15418,23.0949,0.467276,-0.1666984,-0.6932837,0.1425116,-0.6864837,0.18
0.1584022,1.422761,0.4708202,0.1584022,23.09465,0.4708202,-0.1688467,-0.6936219,0.1424541,-0.6856284,0.18
0.1626306,1.423983,0.4744326,0.1626306,23.09423,0.4744326,-0.1708528,-0.6936316,0.1413277,-0.6853548,0.18
0.1673174,1.425603,0.4779172,0.1673174,23.09425,0.4779172,-0.1736112,-0.6931194,0.1395021,-0.6855537,0.18
0.171998,1.427844,0.4813141,0.171998,23.09487,0.4813141,-0.1767716,-0.692373,0.1382159,-0.6857608,0.18
0.1765718,1.430252,0.4848324,0.1765718,23.09539,0.4848324,-0.1788892,-0.6915417,0.1354283,-0.686606,0.18
0.1816719,1.432289,0.4885091,0.1816719,23.09505,0.4885091,-0.1793623,-0.6909496,0.1308429,-0.6879666,0.18
0.1863828,1.433647,0.4917765,0.1863828,23.09741,0.4917765,-0.179286,-0.6903456,0.1251022,-0.6896586,0.18
0.1863828,1.433647,0.4917765,0.1863828,23.09741,0.4917765,-0.179286,-0.6903456,0.1251022,-0.6896586,0.18
0.1956973,1.435596,0.4979881,0.1956973,23.10069,0.4979881,-0.1791583,-0.6877078,0.1133923,-0.694336,0.18
0.2001181,1.43613,0.5009544,0.2001181,23.10411,0.5009544,-0.1789098,-0.6859829,0.1087835,-0.6968393,0.18
0.2046399,1.436368,0.5040848,0.2046399,23.10673,0.5040848,-0.1783781,-0.6845698,0.105257,-0.6989038,0.18
0.2089553,1.435961,0.5068532,0.2089553,23.10844,0.5068532,-0.1775424,-0.6829798,0.1027222,-0.701046,0.18
0.2132664,1.435504,0.509849,0.2132664,23.10962,0.509849,-0.1768503,-0.6815,0.1016802,-0.7028108,0.18
0.2162414,1.434947,0.5119492,0.2162414,23.11055,0.5119492,-0.1765281,-0.6804411,0.1025348,-0.7037929,0.18
0.2201457,1.434062,0.5142964,0.2201457,23.11089,0.5142964,-0.1764611,-0.6792962,0.1044562,-0.7046326,0.18
0.2234955,1.433473,0.5165712,0.2234955,23.11155,0.5165712,-0.1765665,-0.6783967,0.10637,-0.7051862,0.18
0.2264583,1.432526,0.5186483,0.2264583,23.11209,0.5186483,-0.1762097,-0.677961,0.1092913,-0.7052479,0.18
0.2294736,1.431604,0.5206758,0.2294736,23.11267,0.5206758,-0.1759241,-0.6776001,0.1119041,-0.7052563,0.18
0.2321179,1.43069,0.5226341,0.2321179,23.11335,0.5226341,-0.1757673,-0.6776885,0.115981,-0.7045513,0.18
0.2345276,1.429901,0.5244471,0.2345276,23.11433,0.5244471,-0.1758754,-0.6781299,0.1204839,-0.703343,0.18
0.2369747,1.429108,0.5260516,0.2369747,23.11525,0.5260516,-0.1762991,-0.6788371,0.1255832,-0.7016608,0.18
0.2394295,1.428647,0.5277318,0.2394295,23.11648,0.5277318,-0.1765268,-0.6798226,0.130558,-0.6997387,0.18
0.241302,1.428126,0.5292368,0.241302,23.11784,0.5292368,-0.1765049,-0.6810525,0.1357075,-0.6975651,0.18
0.2434916,1.427409,0.5307878,0.2434916,23.11906,0.5307878,-0.1765382,-0.6825176,0.1403573,-0.6952006,0.18
0.2452664,1.426909,0.5321625,0.2452664,23.12066,0.5321625,-0.1770228,-0.683677,0.144286,-0.6931308,0.18
0.246417,1.426417,0.533358,0.246417,23.12248,0.533358,-0.1784925,-0.6848111,0.1475406,-0.6909457,0.18
0.2476168,1.426186,0.5347421,0.2476168,23.12481,0.5347421,-0.180666,-0.6856211,0.150085,-0.689027,0.18
0.2484741,1.425992,0.5359824,0.2484741,23.12741,0.5359824,-0.1834245,-0.6863908,0.151567,-0.6872049,0.18
0.2493494,1.425971,0.53712,0.2493494,23.13043,0.53712,-0.1858001,-0.687208,0.1523311,-0.6855792,0.18
0.2500782,1.426263,0.5381641,0.2500782,23.13403,0.5381641,-0.1883447,-0.6878682,0.1516722,-0.6843678,0.18
0.2508705,1.426458,0.5392696,0.2508705,23.1378,0.5392696,-0.1899324,-0.6888451,0.1511606,-0.6830583,0.18
0.251559,1.426882,0.5402015,0.251559,23.14206,0.5402015,-0.1914243,-0.6897861,0.14976,-0.6819999,0.18
0.2521691,1.427333,0.5410851,0.2521691,23.14663,0.5410851,-0.1925667,-0.6906398,0.1489207,-0.6809974,0.18
0.2525978,1.427788,0.5421342,0.2525978,23.15147,0.5421342,-0.1931933,-0.6917767,0.1473341,-0.6800103,0.18
0.2525978,1.427788,0.5421342,0.2525978,23.15613,0.5421342,-0.1931933,-0.6917767,0.1473341,-0.6800103,0.18
0.2531712,1.428855,0.5437709,0.2531712,23.16212,0.5437709,-0.1936388,-0.6931959,0.1445896,-0.6790268,0.18
0.2532504,1.429208,0.5445255,0.2532504,23.16766,0.5445255,-0.1930454,-0.6939987,0.1430334,-0.6787053,0.18
0.2533474,1.429547,0.5451417,0.2533474,23.17343,0.5451417,-0.1925794,-0.6946779,0.1419026,-0.67838,0.18
0.2531962,1.42995,0.5457947,0.2531962,23.17949,0.5457947,-0.1919452,-0.695472,0.1408973,-0.6779556,0.18
0.2529666,1.430008,0.5464829,0.2529666,23.18543,0.5464829,-0.1914722,-0.6961465,0.1403874,-0.6775027,0.18
0.2527437,1.430072,0.5468553,0.2527437,23.19157,0.5468553,-0.190877,-0.6969043,0.140264,-0.6769168,0.18
0.252496,1.430096,0.5473584,0.252496,23.19785,0.5473584,-0.1902554,-0.6975936,0.1400277,-0.6764306,0.18
0.2520728,1.429828,0.547756,0.2520728,23.20399,0.547756,-0.1896022,-0.6981947,0.1404074,-0.6759149,0.18
0.2516687,1.429604,0.5479716,0.2516687,23.2103,0.5479716,-0.189444,-0.6987507,0.1414229,-0.6751725,0.18
0.2512763,1.42942,0.5482429,0.2512763,23.21675,0.5482429,-0.189338,-0.6992218,0.1423641,-0.6745164,0.18
0.2506375,1.429054,0.5484596,0.2506375,23.2231,0.5484596,-0.1894173,-0.6996638,0.143766,-0.6737382,0.18
0.250411,1.428855,0.5486306,0.250411,23.22966,0.5486306,-0.1894476,-0.7001537,0.1449862,-0.6729588,0.18
0.2501304,1.428615,0.5487269,0.2501304,23.23619,0.5487269,-0.1893277,-0.7005508,0.1460918,-0.6723399,0.18
0.2499278,1.428448,0.5486718,0.2499278,23.24278,0.5486718,-0.1892194,-0.7009807,0.1469562,-0.6717336,0.18
0.2496724,1.428192,0.5485452,0.2496724,23.24924,0.5485452,-0.189112,-0.7014812,0.1478414,-0.6710467,0.18
0.2493892,1.427934,0.5483999,0.2493892,23.25562,0.5483999,-0.1891702,-0.7018413,0.1485824,-0.67049,0.18
0.2491412,1.427556,0.5481836,0.2491412,23.26178,0.5481836,-0.1893214,-0.7021459,0.1500655,-0.6697978,0.18
0.2487423,1.427123,0.5478693,0.2487423,23.26776,0.5478693,-0.1898675,-0.7024654,0.152133,-0.668841,0.18
0.2483356,1.426723,0.5476834,0.2483356,23.27361,0.5476834,-0.1902842,-0.7028761,0.1542617,-0.6678028,0.18
0.2477999,1.426133,0.5475417,0.2477999,23.2791,0.5475417,-0.1906124,-0.7034259,0.1569592,-0.6665004,0.18
0.2474852,1.425701,0.5473336,0.2474852,23.28455,0.5473336,-0.1909309,-0.7039945,0.159551,-0.6651923,0.18
0.2470527,1.425308,0.5469695,0.2470527,23.28981,0.5469695,-0.1913365,-0.7045833,0.1624032,-0.6637604,0.18
0.2470527,1.425308,0.5469695,0.2470527,23.29524,0.5469695,-0.1913365,-0.7045833,0.1624032,-0.6637604,0.18
0.2464828,1.424733,0.5461837,0.2464828,23.29985,0.5461837,-0.1925893,-0.7054315,0.1672128,-0.6612985,0.18
0.2463315,1.42441,0.5458155,0.2463315,23.30445,0.5458155,-0.1935196,-0.7059217,0.1694763,-0.6599261,0.18
0.2460811,1.424075,0.5454639,0.2460811,23.30877,0.5454639,-0.1942277,-0.7064252,0.1712049,-0.6587321,0.18
0.2458336,1.423669,0.5450081,0.2458336,23.31276,0.5450081,-0.1948404,-0.7069756,0.1731021,-0.6574637,0.18
0.2455907,1.423332,0.5446578,0.2455907,23.31653,0.5446578,-0.1956592,-0.7076644,0.1754496,-0.6558552,0.18
0.2452555,1.423068,0.5443878,0.2452555,23.32011,0.5443878,-0.1964233,-0.708459,0.1781291,-0.6540442,0.18
0.2451127,1.422841,0.5440412,0.2451127,23.32346,0.5440412,-0.196713,-0.7091437,0.1804338,-0.6525818,0.18
0.2448516,1.422699,0.5437053,0.2448516,23.32662,0.5437053,-0.1969156,-0.7101617,0.1823267,-0.6508853,0.18
0.2448118,1.422529,0.5433573,0.2448118,23.3295,0.5433573,-0.1968546,-0.7110418,0.1843745,-0.6493643,0.18
0.2447801,1.422306,0.5430959,0.2447801,23.33207,0.5430959,-0.1970238,-0.7119868,0.1867309,-0.6476017,0.18
0.2447903,1.422055,0.5429317,0.2447903,23.33437,0.5429317,-0.1976147,-0.7129114,0.1890255,-0.6457362,0.18
0.2446818,1.421718,0.54274,0.2446818,23.33635,0.54274,-0.1984395,-0.7137721,0.1915978,-0.6437714,0.18
0.2447267,1.421411,0.5425197,0.2447267,23.33814,0.5425197,-0.1995707,-0.7145692,0.1935232,-0.6419589,0.18
0.2447867,1.420943,0.5422748,0.2447867,23.33957,0.5422748,-0.2000858,-0.7156184,0.1949258,-0.6402032,0.18
0.2448676,1.420453,0.5421704,0.2448676,23.34077,0.5421704,-0.2006548,-0.7166141,0.1963195,-0.638483,0.18
0.2449603,1.419919,0.542064,0.2449603,23.34176,0.542064,-0.2011402,-0.7177262,0.197777,-0.6366286,0.18
0.2451406,1.41927,0.5419252,0.2451406,23.34246,0.5419252,-0.2017701,-0.7187869,0.1994102,-0.6347203,0.18
0.2452345,1.418746,0.5419862,0.2452345,23.34313,0.5419862,-0.2029421,-0.7196611,0.2015941,-0.6326628,0.18
0.2454309,1.418183,0.5421146,0.2454309,23.34362,0.5421146,-0.2046309,-0.7204594,0.2038407,-0.6304867,0.18
0.24563,1.417577,0.5421811,0.24563,23.34394,0.5421811,-0.2063711,-0.7211727,0.2058091,-0.6284614,0.18
0.2459977,1.417017,0.542329,0.2459977,23.34418,0.542329,-0.2083976,-0.7218074,0.2075545,-0.6264868,0.18
0.2463641,1.416483,0.5425316,0.2463641,23.34435,0.5425316,-0.2101092,-0.7224263,0.2088306,-0.6247754,0.18
0.2467265,1.416058,0.542886,0.2467265,23.34453,0.542886,-0.2116342,-0.7231492,0.2098807,-0.6230701,0.18
0.2471361,1.415477,0.5432966,0.2471361,23.34447,0.5432966,-0.2130681,-0.7238061,0.210326,-0.621667,0.18
0.2477436,1.415046,0.543651,0.2477436,23.3445,0.543651,-0.2146735,-0.7243726,0.2109368,-0.6202461,0.18
0.2483487,1.414544,0.5438682,0.2483487,23.34438,0.5438682,-0.2163675,-0.7247322,0.2108774,-0.6192569,0.18
0.2483487,1.414544,0.5438682,0.2483487,23.34454,0.5438682,-0.2163675,-0.7247322,0.2108774,-0.6192569,0.18
0.2495399,1.413494,0.5445486,0.2495399,23.34349,0.5445486,-0.2202565,-0.7248134,0.2102692,-0.6179965,0.18
0.2503514,1.413045,0.5449768,0.2503514,23.34304,0.5449768,-0.2223814,-0.7244909,0.2101102,-0.6176675,0.18
0.2512338,1.412514,0.5451678,0.2512338,23.34251,0.5451678,-0.2241265,-0.724183,0.2093785,-0.6176465,0.18
0.2519538,1.411875,0.5453795,0.2519538,23.34187,0.5453795,-0.2257267,-0.7237437,0.2082039,-0.6179755,0.18
0.2527852,1.411205,0.5454056,0.2527852,23.3412,0.5454056,-0.2275608,-0.7231948,0.2077104,-0.6181114,0.18
0.2535,1.410776,0.5455091,0.2535,23.34077,0.5455091,-0.2297961,-0.7223454,0.2075155,-0.6183431,0.18
0.2542307,1.410382,0.5456533,0.2542307,23.34037,0.5456533,-0.232009,-0.7214395,0.2076918,-0.6185151,0.18
0.2550755,1.409969,0.5456628,0.2550755,23.33996,0.5456628,-0.2344147,-0.7204151,0.2081713,-0.618641,0.18
0.2559035,1.409787,0.5455827,0.2559035,23.33978,0.5455827,-0.2362567,-0.7194766,0.2085963,-0.6188892,0.18
0.2567263,1.409502,0.5455377,0.2567263,23.33949,0.5455377,-0.2370608,-0.718767,0.208111,-0.6195692,0.18
0.2574513,1.409298,0.5454634,0.2574513,23.33929,0.5454634,-0.2372821,-0.7181534,0.2071353,-0.6205223,0.18
0.2585149,1.408961,0.5453193,0.2585149,23.33895,0.5453193,-0.2369264,-0.7176158,0.2059631,-0.6216693,0.18
0.2595453,1.408679,0.5451177,0.2595453,23.33867,0.5451177,-0.2365328,-0.7168893,0.2052406,-0.6228951,0.18
0.2604609,1.408415,0.5450587,0.2604609,23.33841,0.5450587,-0.2367196,-0.716104,0.2050759,-0.623781,0.18
0.2614064,1.408174,0.5446947,0.2614064,23.33817,0.5446947,-0.2369979,-0.7150772,0.2057122,-0.6246432,0.18
0.2623246,1.407872,0.5444444,0.2623246,23.33787,0.5444444,-0.237573,-0.7138561,0.2068304,-0.6254517,0.18
0.2635124,1.407461,0.5440263,0.2635124,23.33745,0.5440263,-0.238498,-0.7124939,0.2080683,-0.6262419,0.18
0.2646029,1.407343,0.5435481,0.2646029,23.33734,0.5435481,-0.2391289,-0.7111498,0.209185,-0.6271564,0.18
0.2657807,1.407126,0.5430076,0.2657807,23.33712,0.5430076,-0.2392475,-0.7097867,0.2095737,-0.6285239,0.18
0.2671294,1.406838,0.5423721,0.2671294,23.33683,0.5423721,-0.2391429,-0.7084557,0.2093151,-0.6301494,0.18
0.2686667,1.406592,0.541633,0.2686667,23.33658,0.541633,-0.238346,-0.7072496,0.2084394,-0.6320935,0.18
0.270344,1.406279,0.5408791,0.270344,23.33627,0.5408791,-0.2370863,-0.706128,0.208107,-0.6339281,0.18
0.270344,1.406279,0.5408791,0.270344,23.33627,0.5408791,-0.2370863,-0.706128,0.208107,-0.6339281,0.18
0.2734449,1.406227,0.5392017,0.2734449,23.33622,0.5392017,-0.237418,-0.7029427,0.2101382,-0.636668,0.18
0.275136,1.40617,0.5383384,0.275136,23.33616,0.5383384,-0.2380148,-0.7010351,0.2109509,-0.6382778,0.18
0.2771077,1.406169,0.5374821,0.2771077,23.33616,0.5374821,-0.2380403,-0.6992213,0.210904,-0.6402702,0.18
0.2790246,1.405835,0.5365465,0.2790246,23.33583,0.5365465,-0.2367032,-0.6976873,0.2100617,-0.6427115,0.18
0.2813909,1.405426,0.5354868,0.2813909,23.33542,0.5354868,-0.2346903,-0.6964092,0.2092943,-0.6450819,0.18
0.2836318,1.404953,0.5342846,0.2836318,23.33495,0.5342846,-0.233549,-0.6948235,0.2095625,-0.6471158,0.18
0.2857747,1.404932,0.5330178,0.2857747,23.33492,0.5330178,-0.2337611,-0.69268,0.2115839,-0.6486775,0.18
0.2880805,1.405015,0.5316917,0.2880805,23.33501,0.5316917,-0.2354437,-0.6896483,0.214498,-0.65034,0.18
0.2900884,1.405313,0.5304159,0.2900884,23.33531,0.5304159,-0.2370849,-0.6868576,0.2171337,-0.6518209,0.18
0.2925606,1.405771,0.5289985,0.2925606,23.33576,0.5289985,-0.2382604,-0.6837947,0.2193081,-0.6538813,0.18
0.2954128,1.405972,0.5275768,0.2954128,23.33596,0.5275768,-0.2372702,-0.6815156,0.2193043,-0.6566163,0.18
0.2986262,1.40585,0.5257834,0.2986262,23.33584,0.5257834,-0.2341984,-0.6795878,0.2166814,-0.6605761,0.18
0.3019354,1.405804,0.5240518,0.3019354,23.3358,0.5240518,-0.231221,-0.6777887,0.2143348,-0.6642289,0.18
0.3053279,1.405884,0.5222224,0.3053279,23.33588,0.5222224,-0.2295324,-0.6754251,0.2126991,-0.6677387,0.18
0.308557,1.4063,0.5204722,0.308557,23.33629,0.5204722,-0.2294685,-0.6723883,0.2128031,-0.6707854,0.18
0.3121853,1.406961,0.5185148,0.3121853,23.33695,0.5185148,-0.2299222,-0.6688903,0.2135738,-0.6738753,0.18
0.316463,1.40769,0.5163203,0.316463,23.33768,0.5163203,-0.2294502,-0.665299,0.213663,-0.677553,0.18
0.3207078,1.408217,0.514186,0.3207078,23.33821,0.514186,-0.2272352,-0.6625352,0.2125736,-0.6813397,0.18
0.3255608,1.40855,0.5119768,0.3255608,23.33854,0.5119768,-0.2225352,-0.6606568,0.2097772,-0.6855686,0.18
0.3303378,1.408509,0.5096285,0.3303378,23.3385,0.5096285,-0.2168023,-0.659463,0.2063196,-0.6895924,0.18
0.335629,1.408213,0.5072778,0.335629,23.33821,0.5072778,-0.2111805,-0.6584767,0.2032102,-0.6931933,0.18
0.3405111,1.408074,0.5048418,0.3405111,23.33782,0.5048418,-0.2070981,-0.656984,0.2027635,-0.6959665,0.18
0.3405111,1.408074,0.5048418,0.3405111,23.33765,0.5048418,-0.2070981,-0.656984,0.2027635,-0.6959665,0.18
0.3501239,1.407848,0.4996265,0.3501239,23.33734,0.4996265,-0.203938,-0.6532086,0.2063722,-0.6993843,0.18
0.3551958,1.407486,0.4967147,0.3551958,23.337,0.4967147,-0.2030724,-0.6514448,0.2087575,-0.7005724,0.18
0.3610439,1.406872,0.4935191,0.3610439,23.33635,0.4935191,-0.2017106,-0.6501349,0.2097967,-0.701871,0.18
0.366715,1.406003,0.4903015,0.366715,23.33551,0.4903015,-0.199691,-0.6491647,0.2094583,-0.7034459,0.18
0.3725698,1.404999,0.4870384,0.3725698,23.33463,0.4870384,-0.1975535,-0.6488054,0.2082316,-0.7047437,0.18
0.3781867,1.403927,0.4838241,0.3781867,23.33385,0.4838241,-0.1961206,-0.6485417,0.207406,-0.7056296,0.18
0.3836823,1.402899,0.4805547,0.3836823,23.33305,0.4805547,-0.1965014,-0.6480041,0.2076106,-0.7059574,0.18
0.3889263,1.402051,0.477347,0.3889263,23.33235,0.477347,-0.1978382,-0.6472414,0.2093282,-0.7057765,0.18
0.3940597,1.401288,0.474027,0.3940597,23.33167,0.474027,-0.2002945,-0.6464752,0.2120588,-0.7049702,0.18
0.3989263,1.400839,0.4709927,0.3989263,23.33138,0.4709927,-0.2025567,-0.6455163,0.2146101,-0.7044303,0.18
0.4041061,1.401074,0.4677612,0.4041061,23.33197,0.4677612,-0.2074349,-0.6439031,0.2188982,-0.7031665,0.18
0.4096429,1.40233,0.46447,0.4096429,23.33411,0.46447,-0.2133462,-0.641828,0.2232113,-0.701938,0.18
0.4149516,1.403772,0.4615401,0.4149516,23.33694,0.4615401,-0.217451,-0.6393028,0.225387,-0.7022875,0.18
0.4205277,1.4047,0.4586123,0.4205277,23.33926,0.4586123,-0.2182994,-0.6371631,0.2248103,-0.7041512,0.18
0.4264407,1.404983,0.455783,0.4264407,23.34129,0.455783,-0.2161041,-0.6359448,0.2228159,-0.7065595,0.18
0.4327161,1.405371,0.452829,0.4327161,23.34344,0.452829,-0.2113583,-0.6351554,0.2215498,-0.7090987,0.18
0.4383478,1.405766,0.4503647,0.4383478,23.34579,0.4503647,-0.2062366,-0.6347244,0.2219418,-0.710868,0.18
0.4436612,1.405841,0.4477199,0.4436612,23.34801,0.4477199,-0.2023664,-0.6343685,0.2224262,-0.7121453,0.18
0.4484067,1.405614,0.4450785,0.4484067,23.34981,0.4450785,-0.2000215,-0.6336837,0.2231232,-0.7131988,0.18
0.4526911,1.405169,0.4426059,0.4526911,23.35123,0.4426059,-0.1994731,-0.6323085,0.2246135,-0.7141045,0.18
0.4565167,1.404639,0.4400989,0.4565167,23.3526,0.4400989,-0.2002773,-0.6301414,0.2275022,-0.7148801,0.18
0.4603498,1.404242,0.4376413,0.4603498,23.35423,0.4376413,-0.2021227,-0.6276009,0.2306971,-0.7155714,0.18
0.4603498,1.404242,0.4376413,0.4603498,23.35619,0.4376413,-0.2021227,-0.6276009,0.2306971,-0.7155714,0.18
0.4680119,1.403026,0.4323028,0.4680119,23.35595,0.4323028,-0.2078501,-0.6213284,0.2358863,-0.7177096,0.18
0.472008,1.402347,0.4298288,0.472008,23.35764,0.4298288,-0.2093597,-0.6189624,0.2362441,-0.719196,0.18
0.4760303,1.401585,0.4273291,0.4760303,23.35949,0.4273291,-0.2098334,-0.6171339,0.2359747,-0.7207161,0.18
0.4801972,1.400871,0.4247826,0.4801972,23.36164,0.4247826,-0.2101833,-0.615761,0.2355058,-0.7219408,0.18
0.4840751,1.400174,0.4221753,0.4840751,23.36408,0.4221753,-0.2105849,-0.6145612,0.2355369,-0.7228354,0.18
0.487756,1.399558,0.4195932,0.487756,23.36686,0.4195932,-0.2114723,-0.6136659,0.2365142,-0.7230178,0.18
0.4910836,1.399004,0.4170499,0.4910836,23.36999,0.4170499,-0.2129179,-0.6129042,0.239095,-0.7223905,0.18
0.4941463,1.398643,0.414631,0.4941463,23.37359,0.414631,-0.2147772,-0.6121162,0.242,-0.7215405,0.18
0.49699,1.39831,0.4119931,0.49699,23.37751,0.4119931,-0.2164872,-0.6119635,0.2455548,-0.7199561,0.18
0.4996071,1.398151,0.4095398,0.4996071,23.38188,0.4095398,-0.2177554,-0.6118525,0.248175,-0.7187687,0.18
0.5022616,1.398058,0.4069723,0.5022616,23.38659,0.4069723,-0.2184089,-0.6123214,0.2500995,-0.7175028,0.18
0.5052025,1.398,0.4042448,0.5052025,23.39161,0.4042448,-0.2186917,-0.613145,0.2515064,-0.7162204,0.18
0.5052025,1.398,0.4042448,0.5052025,23.39695,0.4042448,-0.2186917,-0.613145,0.2515064,-0.7162204,0.18
0.5104775,1.398292,0.399212,0.5104775,23.40282,0.399212,-0.2187752,-0.6152208,0.2527981,-0.7139565,0.18
0.5130754,1.398524,0.3967022,0.5130754,23.40887,0.3967022,-0.218995,-0.6163095,0.2529527,-0.7128947,0.18
0.5155578,1.398788,0.3942565,0.5155578,23.41516,0.3942565,-0.218974,-0.6177636,0.2526208,-0.7117593,0.18
0.5181627,1.398995,0.3919741,0.5181627,23.42159,0.3919741,-0.2187467,-0.6191664,0.2524841,-0.7106579,0.18
0.5181627,1.398995,0.3919741,0.5181627,23.42797,0.3919741,-0.2187467,-0.6191664,0.2524841,-0.7106579,0.18
0.5227857,1.399406,0.3875287,0.5227857,23.4349,0.3875287,-0.2173478,-0.6226749,0.2514442,-0.7083867,0.18
0.5227857,1.399406,0.3875287,0.5227857,23.44153,0.3875287,-0.2173478,-0.6226749,0.2514442,-0.7083867,0.18
0.5269651,1.399081,0.3831068,0.5269651,23.44791,0.3831068,-0.2151441,-0.6266674,0.2495991,-0.7061878,0.18
0.528914,1.398803,0.3810105,0.528914,23.45439,0.3810105,-0.2149577,-0.6283379,0.2493062,-0.7048626,0.18
0.528914,1.398803,0.3810105,0.528914,23.46116,0.3810105,-0.2149577,-0.6283379,0.2493062,-0.7048626,0.18
0.532021,1.398061,0.3770694,0.532021,23.46718,0.3770694,-0.2163436,-0.6307275,0.2503045,-0.7019445,0.18
0.5329638,1.397643,0.3753155,0.5329638,23.47346,0.3753155,-0.2179098,-0.6312945,0.2517906,-0.7004171,0.18
0.5339274,1.397327,0.3736297,0.5339274,23.47978,0.3736297,-0.2194989,-0.6319895,0.2533038,-0.6987466,0.18
0.534694,1.39677,0.3717896,0.534694,23.48574,0.3717896,-0.2212169,-0.6325014,0.2551292,-0.6970754,0.18
0.534694,1.39677,0.3717896,0.534694,23.49212,0.3717896,-0.2212169,-0.6325014,0.2551292,-0.6970754,0.18
0.5362449,1.396358,0.3688582,0.5362449,23.49793,0.3688582,-0.2233852,-0.6336139,0.2580473,-0.694294,0.18
0.5373099,1.39632,0.3671646,0.5373099,23.50392,0.3671646,-0.223492,-0.6346249,0.258845,-0.6930382,0.18
0.5373099,1.39632,0.3671646,0.5373099,23.50973,0.3671646,-0.223492,-0.6346249,0.258845,-0.6930382,0.18
0.5394909,1.396517,0.3644238,0.5394909,23.51551,0.3644238,-0.2220112,-0.6368794,0.2587411,-0.691483,0.18
0.5405917,1.396668,0.3630613,0.5405917,23.521,0.3630613,-0.2214426,-0.6377649,0.2581874,-0.691056,0.18
0.5415583,1.396923,0.3618373,0.5415583,23.52633,0.3618373,-0.2204853,-0.6387563,0.2576017,-0.6906649,0.18
0.5425634,1.397113,0.3604896,0.5425634,23.53133,0.3604896,-0.2201282,-0.6394257,0.2570618,-0.6903605,0.18
0.5435472,1.397346,0.3594264,0.5435472,23.53609,0.3594264,-0.2197462,-0.6399658,0.2569019,-0.6900412,0.18
0.5445943,1.39748,0.3583094,0.5445943,23.54047,0.3583094,-0.219198,-0.6405197,0.2567977,-0.6897403,0.18
0.5455379,1.397618,0.3572868,0.5455379,23.54457,0.3572868,-0.2190174,-0.6409088,0.2567604,-0.6894501,0.18
0.5466347,1.397697,0.3562948,0.5466347,23.54833,0.3562948,-0.2189326,-0.6411849,0.2570136,-0.6891259,0.18
0.5475898,1.397761,0.3553945,0.5475898,23.5518,0.3553945,-0.2190966,-0.6412914,0.2572385,-0.6888908,0.18
0.5484264,1.397771,0.3546127,0.5484264,23.55494,0.3546127,-0.219688,-0.641003,0.2576639,-0.6888119,0.18
0.549262,1.397668,0.3538989,0.549262,23.5577,0.3538989,-0.2200336,-0.6409064,0.2582907,-0.6885566,0.18
0.5502586,1.397581,0.3532993,0.5502586,23.56023,0.3532993,-0.2206573,-0.6406438,0.2592569,-0.6882382,0.18
0.5512357,1.397561,0.3527704,0.5512357,23.56258,0.3527704,-0.2214077,-0.6402498,0.2605351,-0.687881,0.18
0.5522466,1.397594,0.3521672,0.5522466,23.56475,0.3521672,-0.2221041,-0.6399773,0.2617213,-0.6874598,0.18
0.5522466,1.397594,0.3521672,0.5522466,23.56667,0.3521672,-0.2221041,-0.6399773,0.2617213,-0.6874598,0.18
0.5541935,1.397499,0.3513838,0.5541935,23.56829,0.3513838,-0.223137,-0.6392089,0.263841,-0.6870297,0.18
0.5552766,1.39743,0.3509775,0.5552766,23.56975,0.3509775,-0.2235638,-0.6387464,0.2647244,-0.6869813,0.18
0.5561709,1.397439,0.3507272,0.5561709,23.57111,0.3507272,-0.2237985,-0.6384639,0.2653679,-0.6869193,0.18
0.5572126,1.397386,0.3504368,0.5572126,23.57225,0.3504368,-0.2238807,-0.6381018,0.2659966,-0.6869857,0.18
0.5584862,1.397437,0.350136,0.5584862,23.57335,0.350136,-0.2239425,-0.6378139,0.2667542,-0.6869392,0.18
0.5597258,1.397389,0.3499867,0.5597258,23.57421,0.3499867,-0.2237013,-0.6376832,0.2673974,-0.6868891,0.18
0.5609725,1.397482,0.350046,0.5609725,23.5751,0.350046,-0.2237464,-0.637589,0.2678677,-0.6867785,0.18
0.5624313,1.397436,0.3500125,0.5624313,23.57574,0.3500125,-0.2232796,-0.6375209,0.2681159,-0.6868968,0.18
0.563767,1.3974,0.3500519,0.563767,23.5763,0.3500519,-0.222875,-0.6375804,0.2683773,-0.6868709,0.18
0.5652738,1.397301,0.350173,0.5652738,23.5767,0.350173,-0.2228252,-0.6375607,0.2684304,-0.6868846,0.18
0.566792,1.397186,0.3502551,0.566792,23.57702,0.3502551,-0.2226552,-0.6374263,0.2686797,-0.686967,0.18
0.5684683,1.396975,0.3504043,0.5684683,23.57697,0.3504043,-0.2226118,-0.6373391,0.2687911,-0.6870183,0.18
0.5701025,1.396777,0.3506826,0.5701025,23.57677,0.3506826,-0.2230085,-0.6371018,0.2688921,-0.6870703,0.18
0.5716729,1.396527,0.3509964,0.5716729,23.57652,0.3509964,-0.2231945,-0.6370136,0.2691224,-0.6870015,0.18
0.5734785,1.396356,0.3513402,0.5734785,23.57635,0.3513402,-0.2234643,-0.6368178,0.2695181,-0.6869403,0.18
0.5753665,1.396163,0.3517832,0.5753665,23.57615,0.3517832,-0.223664,-0.6367055,0.2697906,-0.6868724,0.18
0.5774505,1.396067,0.3521599,0.5774505,23.57606,0.3521599,-0.2237057,-0.6364757,0.2703088,-0.686868,0.18
0.5795386,1.395763,0.3524612,0.5795386,23.57576,0.3524612,-0.2237858,-0.6363494,0.2704271,-0.6869124,0.18
0.5816047,1.395546,0.3529223,0.5816047,23.57554,0.3529223,-0.223863,-0.636225,0.2706845,-0.6869011,0.18
0.5838172,1.395365,0.3532854,0.5838172,23.57536,0.3532854,-0.2237983,-0.6359925,0.2708316,-0.6870794,0.18
0.5861945,1.394988,0.3538851,0.5861945,23.57498,0.3538851,-0.2232984,-0.6360239,0.2708186,-0.6872182,0.18
0.588469,1.394592,0.3544565,0.588469,23.57458,0.3544565,-0.2228352,-0.6361026,0.2709925,-0.6872271,0.18
0.588469,1.394592,0.3544565,0.588469,23.57458,0.3544565,-0.2228352,-0.6361026,0.2709925,-0.6872271,0.18
0.5929704,1.393535,0.355677,0.5929704,23.57353,0.355677,-0.2222673,-0.6361936,0.2714423,-0.6871493,0.18
0.5950484,1.393066,0.356462,0.5950484,23.57306,0.356462,-0.222564,-0.6360801,0.2721889,-0.6868629,0.18
0.5971658,1.392493,0.3571914,0.5971658,23.57248,0.3571914,-0.223528,-0.6359351,0.2733015,-0.686242,0.18
0.5993443,1.391854,0.3579046,0.5993443,23.57185,0.3579046,-0.2243111,-0.6358821,0.274306,-0.6856346,0.18
0.6014357,1.391135,0.3586382,0.6014357,23.57113,0.3586382,-0.22546,-0.6357155,0.2749887,-0.6851385,0.18
0.603605,1.390427,0.359311,0.603605,23.57042,0.359311,-0.2262019,-0.6356418,0.2752992,-0.6848376,0.18
0.6057315,1.389679,0.360078,0.6057315,23.56967,0.360078,-0.2274307,-0.6356807,0.2753495,-0.6843742,0.18
0.6080327,1.38907,0.3610089,0.6080327,23.56906,0.3610089,-0.2287314,-0.6356071,0.275528,-0.6839371,0.18
0.6102974,1.388485,0.3618233,0.6102974,23.56848,0.3618233,-0.2297885,-0.6355706,0.275845,-0.6834887,0.18
0.6134019,1.387856,0.3628801,0.6134019,23.56785,0.3628801,-0.2305151,-0.636058,0.2761897,-0.6826509,0.18
0.6178746,1.387111,0.3645031,0.6178746,23.5671,0.3645031,-0.2300909,-0.6374534,0.2756414,-0.6817134,0.18
0.6211827,1.386703,0.3655735,0.6211827,23.5667,0.3655735,-0.2281771,-0.6392636,0.2745686,-0.6810943,0.18
0.6211827,1.386703,0.3655735,0.6211827,23.5667,0.3655735,-0.2281771,-0.6392636,0.2745686,-0.6810943,0.18
0.6244295,1.386375,0.3666707,0.6244295,23.56637,0.3666707,-0.2264095,-0.6412797,0.2734978,-0.6802192,0.18
0.6316047,1.385811,0.3689661,0.6316047,23.5658,0.3689661,-0.2217059,-0.6463435,0.270869,-0.6780241,0.18
0.6356049,1.385459,0.3701526,0.6356049,23.56545,0.3701526,-0.2195707,-0.6491507,0.2696519,-0.6765205,0.18
0.6356049,1.385459,0.3701526,0.6356049,23.56545,0.3701526,-0.2195707,-0.6491507,0.2696519,-0.6765205,0.18
0.639436,1.385269,0.3715996,0.639436,23.56526,0.3715996,-0.2181779,-0.651716,0.2688853,-0.6748077,0.18
0.6475806,1.384877,0.3744045,0.6475806,23.56487,0.3744045,-0.2160748,-0.6573914,0.267902,-0.6703557,0.18
0.6517682,1.38448,0.3759323,0.6517682,23.56447,0.3759323,-0.2148835,-0.6606885,0.2666935,-0.6679749,0.18
0.6564264,1.384126,0.3776087,0.6564264,23.56412,0.3776087,-0.2138913,-0.6641749,0.2658282,-0.665175,0.18
0.6605372,1.384068,0.3795501,0.6605372,23.56406,0.3795501,-0.2135509,-0.6673285,0.2650336,-0.6624395,0.18
0.6651418,1.384112,0.3812271,0.6651418,23.56411,0.3812271,-0.2139032,-0.6705703,0.2652936,-0.6589388,0.18
0.6697316,1.38414,0.3829752,0.6697316,23.56413,0.3829752,-0.2139556,-0.674028,0.2655251,-0.6552906,0.18
0.6747015,1.384194,0.3848609,0.6747015,23.56419,0.3848609,-0.2132316,-0.6780944,0.2651396,-0.6514762,0.18
0.6747015,1.384194,0.3848609,0.6747015,23.56419,0.3848609,-0.2132316,-0.6780944,0.2651396,-0.6514762,0.18
0.6797478,1.383989,0.3867294,0.6797478,23.56398,0.3867294,-0.2116637,-0.6823371,0.2629793,-0.6484262,0.18
0.6797478,1.383989,0.3867294,0.6797478,23.56398,0.3867294,-0.2116637,-0.6823371,0.2629793,-0.6484262,0.18
0.690309,1.38347,0.390546,0.690309,23.56346,0.390546,-0.2092248,-0.6910732,0.2577342,-0.6420404,0.18
0.6957812,1.383551,0.392801,0.6957812,23.56354,0.392801,-0.2093025,-0.6951718,0.2563015,-0.6381521,0.18
0.7071149,1.383249,0.3967668,0.7071149,23.56324,0.3967668,-0.20789,-0.7042259,0.2529882,-0.6299561,0.18
0.7131245,1.383424,0.3987616,0.7131245,23.56342,0.3987616,-0.2063243,-0.70926,0.2512021,-0.6255221,0.18
0.7192945,1.383365,0.4008249,0.7192945,23.56336,0.4008249,-0.2041437,-0.7144125,0.2489845,-0.6212462,0.18
0.7256212,1.383131,0.4028015,0.7256212,23.56241,0.4028015,-0.201451,-0.7196288,0.2460153,-0.617275,0.18
0.7256212,1.383131,0.4028015,0.7256212,23.56163,0.4028015,-0.201451,-0.7196288,0.2460153,-0.617275,0.18
0.7318473,1.383003,0.4046878,0.7318473,23.56111,0.4046878,-0.19976,-0.7242357,0.243345,-0.6134834,0.18
0.7379968,1.38284,0.406562,0.7379968,23.56031,0.406562,-0.1995765,-0.7283693,0.2418372,-0.6092308,0.18
0.7495165,1.382616,0.410607,0.7495165,23.55913,0.410607,-0.2009944,-0.7355722,0.2432722,-0.599461,0.18
0.7555468,1.383102,0.4127084,0.7555468,23.55757,0.4127084,-0.2039338,-0.7386554,0.248465,-0.5925069,0.18
0.7611146,1.38413,0.414649,0.7611146,23.55649,0.414649,-0.2070467,-0.741025,0.2542003,-0.5859998,0.18
0.7611146,1.38413,0.414649,0.7611146,23.55426,0.414649,-0.2070467,-0.741025,0.2542003,-0.5859998,0.18
0.7713022,1.385462,0.4186538,0.7713022,23.55447,0.4186538,-0.2094431,-0.7470129,0.2614973,-0.5742164,0.18
0.7713022,1.385462,0.4186538,0.7713022,23.55114,0.4186538,-0.2094431,-0.7470129,0.2614973,-0.5742164,0.18
0.7765152,1.385427,0.4203378,0.7765152,23.54943,0.4203378,-0.2103022,-0.7496827,0.2613147,-0.5704941,0.18
0.7817163,1.385807,0.4220552,0.7817163,23.5473,0.4220552,-0.2119839,-0.7516447,0.261196,-0.5673356,0.18
0.787097,1.386608,0.4235888,0.787097,23.54659,0.4235888,-0.2135784,-0.7528784,0.2606991,-0.5653269,0.18
0.7925792,1.387094,0.4249107,0.7925792,23.55051,0.4249107,-0.213224,-0.7544665,0.2591054,-0.5640746,0.18
0.7979774,1.387679,0.4265224,0.7979774,23.55507,0.4265224,-0.2130519,-0.7564259,0.2573556,-0.5623139,0.18
0.8028755,1.38831,0.4278784,0.8028755,23.55998,0.4278784,-0.2128171,-0.7581034,0.2570427,-0.5602832,0.18
0.8080757,1.389033,0.4294385,0.8080757,23.56571,0.4294385,-0.2119082,-0.759681,0.2567965,-0.5586011,0.18
0.812953,1.389742,0.4305356,0.812953,23.57236,0.4305356,-0.2095824,-0.7615735,0.256824,-0.5568864,0.18
0.8177948,1.390028,0.4315721,0.8177948,23.57865,0.4315721,-0.2070049,-0.7639474,0.255731,-0.555099,0.18
0.822443,1.38991,0.4322072,0.822443,23.5845,0.4322072,-0.2032799,-0.7664258,0.2533191,-0.5541645,0.18
0.822443,1.38991,0.4322072,0.822443,23.58915,0.4322072,-0.2032799,-0.7664258,0.2533191,-0.5541645,0.18
0.8307772,1.389352,0.4332908,0.8307772,23.58859,0.4332908,-0.1983914,-0.7708893,0.2504545,-0.5510383,0.18
0.8338346,1.388848,0.4336504,0.8338346,23.59117,0.4336504,-0.198195,-0.7722133,0.2509319,-0.5490343,0.18
0.836482,1.387985,0.433931,0.836482,23.59365,0.433931,-0.1985748,-0.7733604,0.2528699,-0.5463867,0.18
0.8384981,1.386883,0.4341317,0.8384981,23.59616,0.4341317,-0.1999781,-0.7742782,0.2566144,-0.5428176,0.18
0.8401976,1.385826,0.4343492,0.8401976,23.59898,0.4343492,-0.2016583,-0.7750176,0.261214,-0.5389332,0.18
0.8409102,1.384832,0.4344672,0.8409102,23.60213,0.4344672,-0.2044697,-0.7753604,0.2684528,-0.5337992,0.18
0.8417192,1.383999,0.434666,0.8417192,23.60572,0.434666,-0.2069968,-0.7758725,0.2755863,-0.5284189,0.18
0.8419454,1.383333,0.4347651,0.8419454,23.60974,0.4347651,-0.2097923,-0.7763366,0.284074,-0.5221022,0.18
0.8424551,1.3829,0.4348823,0.8424551,23.61425,0.4348823,-0.2117424,-0.7770705,0.2910174,-0.5163676,0.18
0.8434069,1.382802,0.4347481,0.8434069,23.61936,0.4347481,-0.2129395,-0.7792882,0.3014998,-0.5064235,0.18
0.8444242,1.38325,0.434472,0.8444242,23.62526,0.434472,-0.2111176,-0.7816888,0.3035964,-0.5022162,0.18
0.8459144,1.383819,0.4340085,0.8459144,23.6315,0.4340085,0.2083804,0.7844728,-0.30388,0.4988356,0.18
0.8477378,1.384612,0.4333178,0.8477378,23.63819,0.4333178,0.2036895,0.7886355,-0.3012635,0.4957873,0.18
0.8494315,1.385373,0.4324692,0.8494315,23.64503,0.4324692,0.1990658,0.7927641,-0.2972556,0.4934948,0.18
0.8510032,1.385995,0.431487,0.8510032,23.65192,0.431487,0.1958435,0.796308,-0.294654,0.4906301,0.18
0.8510032,1.385995,0.431487,0.8510032,23.65833,0.431487,0.1958435,0.796308,-0.294654,0.4906301,0.18
0.8522022,1.386883,0.4307131,0.8522022,23.66576,0.4307131,0.1932604,0.799758,-0.2925819,0.4872715,0.18
0.853395,1.387735,0.4300002,0.853395,23.67325,0.4300002,0.1916712,0.8025757,-0.2922558,0.483447,0.18
0.854444,1.38863,0.4291688,0.854444,23.68086,0.4291688,0.1905373,0.8052293,-0.2920609,0.4795851,0.18
0.8556137,1.389405,0.4281834,0.8556137,23.68839,0.4281834,0.1897936,0.8078634,-0.2915815,0.4757263,0.18
0.8567071,1.390057,0.4271096,0.8567071,23.69582,0.4271096,0.1893562,0.8102955,-0.2901675,0.4726186,0.18
0.8580365,1.3906,0.4260396,0.8580365,23.70312,0.4260396,0.1887184,0.8127815,-0.2886942,0.4694968,0.18
0.8592453,1.391078,0.4247864,0.8592453,23.71031,0.4247864,0.1880067,0.8154394,-0.2873047,0.4660129,0.18
0.8602872,1.391374,0.4235212,0.8602872,23.71725,0.4235212,0.1877032,0.8176221,-0.2866571,0.4626979,0.18
0.8614264,1.391602,0.4222914,0.8614264,23.72402,0.4222914,0.1871956,0.8199265,-0.2867069,0.4587783,0.18
0.8622499,1.391747,0.4210131,0.8622499,23.73058,0.4210131,0.1870259,0.8218331,-0.2876979,0.4547984,0.18
0.8622499,1.391747,0.4210131,0.8622499,23.73684,0.4210131,0.1870259,0.8218331,-0.2876979,0.4547984,0.18
0.864033,1.392092,0.4182473,0.864033,23.74327,0.4182473,0.1860706,0.8257907,-0.2914814,0.4455178,0.18
0.8645556,1.392302,0.4172074,0.8645556,23.74937,0.4172074,0.1853556,0.8274239,-0.2934853,0.4414514,0.18
0.865232,1.392393,0.4158517,0.865232,23.75514,0.4158517,0.1842746,0.8293262,-0.2954097,0.4370287,0.18
0.8661332,1.392591,0.4143916,0.8661332,23.76079,0.4143916,0.1831727,0.8312887,-0.2973238,0.4324414,0.18
0.8668559,1.392746,0.4128827,0.8668559,23.76615,0.4128827,0.1815468,0.8334063,-0.2990938,0.4278055,0.18
0.8675563,1.392947,0.4114279,0.8675563,23.7713,0.4114279,0.1798758,0.8353546,-0.3008227,0.4234773,0.18
0.8685107,1.393237,0.4098483,0.8685107,23.77627,0.4098483,0.1779538,0.8373896,-0.3021361,0.4193149,0.18
0.8692796,1.393517,0.4082125,0.8692796,23.78097,0.4082125,0.1757058,0.8398212,-0.3030744,0.4146972,0.18
0.8710749,1.394269,0.4046127,0.8710749,23.78587,0.4046127,0.1714098,0.8447034,-0.3042875,0.4055909,0.18
0.8717961,1.394709,0.4028485,0.8717961,23.79019,0.4028485,0.1695302,0.8471286,-0.3045167,0.4011263,0.18
0.8726168,1.39508,0.4008623,0.8726168,23.79417,0.4008623,0.1678834,0.8496704,-0.3042773,0.3965991,0.18
0.873395,1.39531,0.3986212,0.873395,23.79774,0.3986212,0.1665385,0.8521613,-0.3035962,0.3923206,0.18
0.8740869,1.395388,0.3964933,0.8740869,23.80091,0.3964933,0.1653156,0.8547673,-0.3026401,0.3878823,0.18
0.8740869,1.395388,0.3964933,0.8740869,23.80374,0.3964933,0.1653156,0.8547673,-0.3026401,0.3878823,0.18
0.8756809,1.395641,0.3917855,0.8756809,23.80659,0.3917855,0.163746,0.8599361,-0.3010089,0.3782737,0.18
0.8760707,1.395704,0.3895534,0.8760707,23.80901,0.3895534,0.1631653,0.8623182,-0.3005125,0.3734658,0.18
0.8760707,1.395704,0.3895534,0.8760707,23.81115,0.3895534,0.1631653,0.8623182,-0.3005125,0.3734658,0.18
0.8751349,1.394634,0.3889829,0.8751349,23.81201,0.3889829,0.1623465,0.8647314,-0.2998701,0.3687293,0.18
0.8756521,1.394489,0.3849335,0.8756521,23.8136,0.3849335,0.1612996,0.8687681,-0.2993751,0.3599987,0.18
0.8727126,1.392078,0.384576,0.8727126,23.81274,0.384576,0.1597028,0.8717477,-0.2993271,0.3534889,0.18
0.8727126,1.392078,0.384576,0.8727126,23.81413,0.384576,0.1597028,0.8717477,-0.2993271,0.3534889,0.18
0.8730869,1.391898,0.3819147,0.8730869,23.81517,0.3819147,0.1584796,0.874173,-0.299378,0.3479636,0.18
0.8730869,1.391898,0.3819147,0.8730869,23.81626,0.3819147,0.1584796,0.874173,-0.299378,0.3479636,0.18
0.8732109,1.391419,0.3767534,0.8732109,23.81673,0.3767534,0.1554729,0.8787307,-0.2994885,0.3375902,0.18
0.8736975,1.391223,0.3739985,0.8736975,23.81737,0.3739985,0.1536125,0.880897,-0.2997713,0.332507,0.18
0.8739107,1.39104,0.3710729,0.8739107,23.81792,0.3710729,0.1517993,0.8829964,-0.3000911,0.3274441,0.18
0.8742566,1.390955,0.3681024,0.8742566,23.81846,0.3681024,0.1503135,0.8849702,-0.3004573,0.3224269,0.18
0.8747318,1.390712,0.3652424,0.8747318,23.81877,0.3652424,0.1487866,0.8869109,-0.3006011,0.3176328,0.18
0.8748431,1.390549,0.3625598,0.8748431,23.81907,0.3625598,0.1476592,0.888778,-0.3007789,0.3127339,0.18
0.8749449,1.390234,0.3596815,0.8749449,23.81916,0.3596815,0.1463294,0.8904085,-0.3013766,0.3081115,0.18
0.8754849,1.3899,0.3564268,0.8754849,23.81917,0.3564268,0.1455334,0.8919932,-0.3015355,0.3037178,0.18
0.875737,1.389555,0.3528808,0.875737,23.81912,0.3528808,0.144848,0.8936762,-0.3012159,0.2993845,0.18
0.8759909,1.389108,0.3496433,0.8759909,23.81892,0.3496433,0.1441956,0.8952384,-0.3007892,0.2954348,0.18
0.8766532,1.388642,0.3460404,0.8766532,23.81863,0.3460404,0.1436763,0.896618,-0.3002286,0.292055,0.18
0.8769965,1.388172,0.3424883,0.8769965,23.81816,0.3424883,0.1429132,0.8980415,-0.2997141,0.2885633,0.18
0.8772888,1.387762,0.338878,0.8772888,23.81775,0.338878,0.1425523,0.8990378,-0.2996388,0.2857035,0.18
0.8777623,1.387449,0.3351573,0.8777623,23.81744,0.3351573,0.1424377,0.8999121,-0.2996874,0.2829437,0.18
0.8779683,1.387317,0.3312509,0.8779683,23.81731,0.3312509,0.1422898,0.9005693,-0.299715,0.2808905,0.18
0.8781993,1.387043,0.3274765,0.8781993,23.81704,0.3274765,0.141689,0.901419,-0.2993481,0.2788524,0.18
0.8787563,1.386944,0.3231964,0.8787563,23.81694,0.3231964,0.1407305,0.9023983,-0.2983059,0.277283,0.18
0.8792667,1.386916,0.3183967,0.8792667,23.81691,0.3183967,0.1388691,0.9036678,-0.2968875,0.2756043,0.18
0.8797865,1.386992,0.3139051,0.8797865,23.81698,0.3139051,0.1368647,0.9049119,-0.2955292,0.2739798,0.18
0.880482,1.387177,0.3090922,0.880482,23.81717,0.3090922,0.1342996,0.9062587,-0.2941164,0.2723129,0.18
0.8808069,1.387489,0.3042439,0.8808069,23.81748,0.3042439,0.1317705,0.9075786,-0.2925458,0.2708407,0.18
0.8815517,1.387747,0.2989997,0.8815517,23.81774,0.2989997,0.1286896,0.9091502,-0.2902179,0.2695524,0.18
0.8815517,1.387747,0.2989997,0.8815517,23.81774,0.2989997,0.1286896,0.9091502,-0.2902179,0.2695524,0.18
0.8829186,1.38803,0.2882987,0.8829186,23.81802,0.2882987,0.1216914,0.9122952,-0.2854804,0.267226,0.18
0.8834109,1.388103,0.2829343,0.8834109,23.8181,0.2829343,0.1184301,0.913682,-0.2834072,0.2661575,0.18
0.8840275,1.388198,0.2770988,0.8840275,23.81819,0.2770988,0.1153921,0.9149328,-0.2814674,0.2652523,0.18
0.8845682,1.38824,0.270799,0.8845682,23.81823,0.270799,0.1124355,0.9162659,-0.2793483,0.2641582,0.18
0.8845682,1.38824,0.270799,0.8845682,23.82323,0.270799,0.1124355,0.9162659,-0.2793483,0.2641582,0.18
0.8858855,1.388109,0.2584002,0.8858855,23.8231,0.2584002,0.1072336,0.9186851,-0.2754876,0.2619644,0.18
0.8858855,1.388109,0.2584002,0.8858855,23.8231,0.2584002,0.1072336,0.9186851,-0.2754876,0.2619644,0.18
0.8864727,1.387726,0.2507203,0.8864727,23.82272,0.2507203,0.1040627,0.9203385,-0.2726913,0.2603603,0.18
0.8872738,1.386959,0.2392541,0.8872738,23.82195,0.2392541,0.100767,0.9221201,-0.2700686,0.2580766,0.18
0.8876348,1.386576,0.2324757,0.8876348,23.82157,0.2324757,0.09991571,0.9226876,-0.26976,0.2566985,0.18
0.8879104,1.386127,0.2259148,0.8879104,23.82112,0.2259148,0.09935333,0.9233018,-0.2692647,0.2552238,0.18
0.8882101,1.385601,0.2189712,0.8882101,23.82059,0.2189712,0.09937827,0.9238259,-0.2688908,0.2537075,0.18
0.888238,1.385186,0.2115329,0.888238,23.82018,0.2115329,0.09878574,0.9246606,-0.2680534,0.2517769,0.18
0.888629,1.384673,0.2044767,0.888629,23.81966,0.2044767,0.0980647,0.9254797,-0.2671174,0.2500379,0.18
0.8891425,1.384122,0.1972579,0.8891425,23.81911,0.1972579,0.09746493,0.926235,-0.2666778,0.2479361,0.18
0.8894563,1.384131,0.1899928,0.8894563,23.81912,0.1899928,0.09755588,0.9263304,-0.2683552,0.2457241,0.18
0.8894563,1.384131,0.1899928,0.8894563,23.81912,0.1899928,0.09755588,0.9263304,-0.2683552,0.2457241,0.18
0.8896594,1.385426,0.1758517,0.8896594,23.82042,0.1758517,0.09956492,0.9250495,-0.2759935,0.2412422,0.18
0.8896346,1.385383,0.1688915,0.8896346,23.82038,0.1688915,0.09894332,0.9251849,-0.2778592,0.2388249,0.18
0.8897409,1.384955,0.1619166,0.8897409,23.81995,0.1619166,0.09606029,0.9262332,-0.2780383,0.23571,0.18
0.8902888,1.384918,0.1546138,0.8902888,23.81991,0.1546138,0.09113262,0.9277151,-0.277694,0.232219,0.18
0.8902888,1.384918,0.1546138,0.8902888,23.81991,0.1546138,0.09113262,0.9277151,-0.277694,0.232219,0.18
0.8902888,1.384918,0.1546138,0.8902888,23.81991,0.1546138,0.09113262,0.9277151,-0.277694,0.232219,0.18
0.8904722,1.38573,0.1332933,0.8904722,23.82072,0.1332933,0.08743181,0.9284375,-0.2849568,0.2217185,0.18
0.8900599,1.386235,0.127148,0.8900599,23.82123,0.127148,0.08768669,0.9275469,-0.2906131,0.2179721,0.18
0.8900599,1.386235,0.127148,0.8900599,23.82123,0.127148,0.08768669,0.9275469,-0.2906131,0.2179721,0.18
0.8892705,1.386631,0.1203426,0.8892705,23.82162,0.1203426,0.0877522,0.9263355,-0.2973351,0.2139954,0.18
0.8890145,1.387164,0.1142121,0.8890145,23.82215,0.1142121,0.08803662,0.9257083,-0.3013992,0.2108846,0.18
0.8885245,1.388847,0.1032108,0.8885245,23.82384,0.1032108,0.08845706,0.9257638,-0.304687,0.205676,0.18
0.8888478,1.390138,0.0963596,0.8888478,23.82513,0.0963596,0.08695014,0.9271822,-0.3028193,0.2026657,0.18
0.8892744,1.391329,0.0893632,0.8892744,23.82632,0.0893632,0.08525486,0.9289393,-0.3000645,0.1994109,0.18
0.8898888,1.392733,0.08156095,0.8898888,23.82772,0.08156095,0.0833936,0.9310973,-0.2963687,0.1956244,0.18
0.8904293,1.393779,0.07470904,0.8904293,23.82877,0.07470904,0.08193421,0.9329008,-0.2932948,0.1922525,0.18
0.8908067,1.394575,0.06785761,0.8908067,23.82957,0.06785761,0.08117586,0.9340549,-0.2919485,0.1889924,0.18
0.8908067,1.394575,0.06785761,0.8908067,23.82957,0.06785761,0.08117586,0.9340549,-0.2919485,0.1889924,0.18
0.8912807,1.395736,0.05542694,0.8912807,23.83073,0.05542694,0.08220756,0.9349029,-0.2934472,0.1818991,0.18
0.8914948,1.396018,0.04951201,0.8914948,23.83101,0.04951201,0.0833228,0.9346074,-0.2963073,0.1782367,0.18
0.8917816,1.39623,0.04367004,0.8917816,23.83122,0.04367004,0.0837933,0.9342854,-0.2993118,0.174648,0.18
0.8920431,1.396193,0.03821813,0.8920431,23.83118,0.03821813,0.0838716,0.9336171,-0.3035398,0.1708459,0.18
0.8923113,1.396058,0.0325347,0.8923113,23.83105,0.0325347,0.08363593,0.9330385,-0.3073186,0.1673304,0.18
0.8926244,1.395853,0.02682243,0.8926244,23.83084,0.02682243,0.08274627,0.9323176,-0.3117935,0.163468,0.18
0.8929749,1.395638,0.02162038,0.8929749,23.83063,0.02162038,0.08189356,0.9316924,-0.3155544,0.160213,0.18
0.8933587,1.395529,0.01632129,0.8933587,23.83052,0.01632129,0.08166436,0.9311848,-0.3186209,0.1571835,0.18
0.8938401,1.395389,0.01111113,0.8938401,23.83038,0.01111113,0.08170138,0.9307076,-0.321216,0.1546887,0.18
0.8943269,1.39525,0.005731449,0.8943269,23.83024,0.005731449,0.0819139,0.9304174,-0.322941,0.152718,0.18
0.8950105,1.395113,0.0002311328,0.8950105,23.8301,0.0002311328,0.08224636,0.9302858,-0.3239377,0.1512232,0.18
0.8959184,1.395146,-0.00554408,0.8959184,23.83014,-0.00554408,0.08234943,0.9304345,-0.3240924,0.1499143,0.18
0.8967657,1.394911,-0.01132192,0.8967657,23.8299,-0.01132192,0.08250787,0.9310415,-0.3225435,0.1493983,0.18
0.8967657,1.394911,-0.01132192,0.8967657,23.8299,-0.01132192,0.08250787,0.9310415,-0.3225435,0.1493983,0.18
0.8988819,1.394654,-0.02363767,0.8988819,23.82965,-0.02363767,0.08102249,0.9323139,-0.3200338,0.147664,0.18
0.8988819,1.394654,-0.02363767,0.8988819,23.82965,-0.02363767,0.08102249,0.9323139,-0.3200338,0.147664,0.18
0.900547,1.394271,-0.03104581,0.900547,23.82926,-0.03104581,0.08010507,0.9333909,-0.3174438,0.1469496,0.18
0.9027934,1.394085,-0.04151691,0.9027934,23.82908,-0.04151691,0.07850652,0.9347469,-0.3145685,0.1453677,0.18
0.9041693,1.394039,-0.0472814,0.9041693,23.82903,-0.0472814,0.07753317,0.9355013,-0.3129745,0.1444745,0.18
0.9055614,1.394047,-0.05321683,0.9055614,23.82904,-0.05321683,0.07679338,0.93639,-0.3108139,0.1437752,0.18
0.9069328,1.393944,-0.05893101,0.9069328,23.82894,-0.05893101,0.07615246,0.9372321,-0.3087049,0.1431714,0.18
0.9085007,1.393894,-0.0646676,0.9085007,23.82889,-0.0646676,0.07584906,0.938051,-0.3062516,0.1432384,0.18
0.9099622,1.393763,-0.07048382,0.9099622,23.82875,-0.07048382,0.07598583,0.9386895,-0.304234,0.1432825,0.18
0.91189,1.393702,-0.07673277,0.91189,23.82869,-0.07673277,0.07632869,0.9391993,-0.3024933,0.1434447,0.18
0.9137416,1.393518,-0.08232225,0.9137416,23.82851,-0.08232225,0.07732098,0.9395449,-0.300921,0.1439561,0.18
0.9156799,1.393311,-0.08799328,0.9156799,23.8283,-0.08799328,0.0783257,0.9399294,-0.2992613,0.144363,0.18
0.9178486,1.39319,-0.09373273,0.9178486,23.82818,-0.09373273,0.07956106,0.9403059,-0.2973303,0.1452228,0.18
0.9204805,1.39297,-0.1013018,0.9204805,23.82796,-0.1013018,0.08089394,0.9408527,-0.2946963,0.1463096,0.18
0.9219918,1.392867,-0.1049763,0.9219918,23.82786,-0.1049763,0.08183139,0.9410632,-0.2933245,0.1471886,0.18
0.9246755,1.392705,-0.1113416,0.9246755,23.8277,-0.1113416,0.08344357,0.9415029,-0.2907364,0.1485995,0.18
0.9271727,1.392526,-0.117103,0.9271727,23.82752,-0.117103,0.08515728,0.9419246,-0.2880202,0.1502355,0.18
0.9301388,1.392328,-0.1231886,0.9301388,23.82732,-0.1231886,0.08723871,0.942379,-0.284766,0.1523798,0.18
0.9329624,1.392284,-0.1292931,0.9329624,23.82728,-0.1292931,0.08919431,0.9428611,-0.2812648,0.1547497,0.18
0.9360998,1.392241,-0.1354219,0.9360998,23.82723,-0.1354219,0.09095253,0.943531,-0.2768003,0.1576661,0.18
0.9393475,1.391998,-0.141698,0.9393475,23.82699,-0.141698,0.09274397,0.9442062,-0.272227,0.1605166,0.18
0.9433641,1.391714,-0.1490785,0.9433641,23.82671,-0.1490785,0.09466317,0.944855,-0.2669986,0.164316,0.18
0.9433641,1.391714,-0.1490785,0.9433641,23.82671,-0.1490785,0.09466317,0.944855,-0.2669986,0.164316,0.18
0.9504271,1.391068,-0.1618754,0.9504271,23.82606,-0.1618754,0.09768096,0.9454529,-0.2590577,0.1716579,0.18
0.9570897,1.390461,-0.1726161,0.9570897,23.82545,-0.1726161,0.09994248,0.9456771,-0.2522668,0.1790749,0.18
0.9570897,1.390461,-0.1726161,0.9570897,23.82545,-0.1726161,0.09994248,0.9456771,-0.2522668,0.1790749,0.18
0.9609423,1.390033,-0.1787127,0.9609423,23.82503,-0.1787127,0.1007674,0.9459366,-0.2477432,0.1835029,0.18
0.9650936,1.389584,-0.1854454,0.9650936,23.82458,-0.1854454,0.1010084,0.9462827,-0.2424799,0.1885466,0.18
0.9685578,1.38923,-0.1908015,0.9685578,23.82422,-0.1908015,0.1009169,0.9466609,-0.2378412,0.192563,0.18
0.9723921,1.388944,-0.1967415,0.9723921,23.82394,-0.1967415,0.1008322,0.947072,-0.2324963,0.1970609,0.18
0.9762545,1.38899,-0.202813,0.9762545,23.82398,-0.202813,0.1005039,0.9474142,-0.2267199,0.2022462,0.18
0.980922,1.390248,-0.2098047,0.980922,23.82524,-0.2098047,0.1004232,0.9472318,-0.222509,0.2077425,0.18
0.9845495,1.391842,-0.2154602,0.9845495,23.82683,-0.2154602,0.1003662,0.9469311,-0.2197026,0.2120823,0.18
0.9881477,1.394441,-0.2213272,0.9881477,23.82943,-0.2213272,0.1001235,0.9467514,-0.2167455,0.2160058,0.18
0.9915059,1.396639,-0.2267016,0.9915059,23.83163,-0.2267016,0.1001505,0.9468915,-0.2129377,0.2191433,0.18
0.9949834,1.399431,-0.2326819,0.9949834,23.83442,-0.2326819,0.101192,0.9470864,-0.2084637,0.2221047,0.18
0.9974077,1.40211,-0.2371749,0.9974077,23.8371,-0.2371749,0.1026734,0.9471761,-0.2052091,0.2240645,0.18
1.000264,1.405476,-0.2423431,1.000264,23.84047,-0.2423431,0.1050215,0.9473894,-0.2001685,0.2266196,0.18
1.003062,1.408552,-0.2476565,1.003062,23.84354,-0.2476565,0.1074897,0.9477495,-0.1938037,0.2294711,0.18
1.006304,1.412634,-0.2543417,1.006304,23.84763,-0.2543417,0.111348,0.9484872,-0.1831466,0.2333045,0.18
1.008555,1.415087,-0.2589096,1.008555,23.85008,-0.2589096,0.1135914,0.9490744,-0.174733,0.2362693,0.18
1.011486,1.418378,-0.2651683,1.011486,23.85337,-0.2651683,0.115819,0.9499652,-0.1619041,0.2407057,0.18
1.014053,1.42123,-0.2707952,1.014053,23.85622,-0.2707952,0.1173408,0.9506357,-0.1499054,0.2450535,0.18
1.016718,1.423798,-0.2762643,1.016718,23.85879,-0.2762643,0.1181412,0.9509614,-0.139935,0.2492656,0.18
1.019191,1.426032,-0.2815434,1.019191,23.86102,-0.2815434,0.1182152,0.9510092,-0.1309688,0.2538778,0.18
1.019191,1.426032,-0.2815434,1.019191,23.86102,-0.2815434,0.1182152,0.9510092,-0.1309688,0.2538778,0.18
1.024088,1.429956,-0.2929426,1.024088,23.86495,-0.2929426,0.1185475,0.9500658,-0.1152675,0.2646411,0.18
1.025687,1.431108,-0.2968737,1.025687,23.8661,-0.2968737,0.1184341,0.9493402,-0.1120166,0.2686613,0.18
1.029143,1.43335,-0.3056356,1.029143,23.86834,-0.3056356,0.1178808,0.9473465,-0.1064043,0.2780592,0.18
1.031018,1.434488,-0.3105499,1.031018,23.86948,-0.3105499,0.1174627,0.9459315,-0.1042204,0.2838209,0.18
1.032695,1.435549,-0.3148936,1.032695,23.87054,-0.3148936,0.1172406,0.9443085,-0.1032552,0.2896109,0.18
1.034705,1.43666,-0.3195487,1.034705,23.87165,-0.3195487,0.1172969,0.9425882,-0.1023471,0.2954558,0.18
1.036389,1.437727,-0.3238951,1.036389,23.87272,-0.3238951,0.1169555,0.9406154,-0.102078,0.3019011,0.18
1.036389,1.437727,-0.3238951,1.036389,23.87272,-0.3238951,0.1169555,0.9406154,-0.102078,0.3019011,0.18
1.037941,1.438657,-0.3281876,1.037941,23.87365,-0.3281876,0.1164256,0.9386525,-0.1013695,0.3083841,0.18
1.041985,1.440603,-0.3371471,1.041985,23.8756,-0.3371471,0.1134464,0.9343288,-0.09988711,0.3227726,0.18
1.044022,1.441426,-0.3414789,1.044022,23.87642,-0.3414789,0.1108475,0.9321523,-0.09832826,0.3303581,0.18
1.046452,1.442094,-0.3460077,1.046452,23.87708,-0.3460077,0.1080322,0.9299638,-0.09621923,0.3379914,0.18
1.048821,1.442682,-0.3506337,1.048821,23.87767,-0.3506337,0.1046516,0.9272639,-0.09435996,0.3468805,0.18
1.050968,1.44298,-0.3548416,1.050968,23.87797,-0.3548416,0.1016324,0.924556,-0.09311751,0.3552411,0.18
1.053352,1.443205,-0.3591884,1.053352,23.8782,-0.3591884,0.09878767,0.9216069,-0.0921852,0.3638456,0.18
1.055529,1.443232,-0.3631693,1.055529,23.87822,-0.3631693,0.09644077,0.918188,-0.09135869,0.373207,0.18
1.057767,1.443238,-0.3672212,1.057767,23.87823,-0.3672212,0.09512684,0.9146007,-0.09032968,0.3824879,0.18
1.060014,1.443014,-0.3711675,1.060014,23.87801,-0.3711675,0.09461059,0.9104613,-0.08947026,0.392561,0.18
1.062302,1.442824,-0.375409,1.062302,23.87782,-0.375409,0.09447663,0.9061089,-0.08841345,0.4027705,0.18
1.064628,1.442466,-0.379367,1.064628,23.87746,-0.379367,0.09517356,0.9011602,-0.08742369,0.4137745,0.18
1.06698,1.442216,-0.3833159,1.06698,23.87721,-0.3833159,0.09615214,0.8960751,-0.08629245,0.4246855,0.18
1.06698,1.442216,-0.3833159,1.06698,23.87721,-0.3833159,0.09615214,0.8960751,-0.08629245,0.4246855,0.18
1.069602,1.441899,-0.3879105,1.069602,23.87689,-0.3879105,0.0980119,0.8898413,-0.08488379,0.4374597,0.18
1.069602,1.441899,-0.3879105,1.069602,23.87689,-0.3879105,0.0980119,0.8898413,-0.08488379,0.4374597,0.18
1.074453,1.441603,-0.3957702,1.074453,23.87659,-0.3957702,0.1022992,0.8775275,-0.08306432,0.4610648,0.18
1.077052,1.441588,-0.3997241,1.077052,23.87658,-0.3997241,0.1041508,0.8707564,-0.08191101,0.4735256,0.18
1.079734,1.441618,-0.4036833,1.079734,23.87661,-0.4036833,0.1055842,0.8640256,-0.08004598,0.4856999,0.18
1.085148,1.44168,-0.4117137,1.085148,23.87667,-0.4117137,-0.10884,-0.8489994,0.07415712,-0.5117171,0.18
1.088032,1.441552,-0.4156295,1.088032,23.87654,-0.4156295,-0.1102422,-0.8406188,0.07042499,-0.525592,0.18
1.090954,1.44134,-0.4195651,1.090954,23.87633,-0.4195651,-0.1115946,-0.8319657,0.06638913,-0.5394184,0.18
1.094019,1.441,-0.4238878,1.094019,23.87599,-0.4238878,-0.1130696,-0.8217502,0.0617502,-0.5550936,0.18
1.096908,1.44053,-0.4276491,1.096908,23.87552,-0.4276491,-0.114451,-0.8116134,0.058058,-0.5699245,0.18
1.099317,1.439911,-0.4313256,1.099317,23.8749,-0.4313256,-0.115954,-0.801386,0.05498346,-0.5842192,0.18
1.101916,1.439129,-0.4349254,1.101916,23.87412,-0.4349254,-0.1180423,-0.7903832,0.05268053,-0.5988199,0.18
1.104343,1.438076,-0.4383961,1.104343,23.87307,-0.4383961,-0.1199786,-0.7792341,0.05016069,-0.6130933,0.18
1.106402,1.436684,-0.441609,1.106402,23.87168,-0.441609,-0.1224009,-0.7672675,0.04867277,-0.6276541,0.18
1.108,1.435248,-0.4446675,1.108,23.87024,-0.4446675,-0.124795,-0.7551498,0.04774107,-0.6417911,0.18
1.110172,1.434254,-0.4480568,1.110172,23.86925,-0.4480568,-0.1275418,-0.742184,0.04862393,-0.6561491,0.18
1.111395,1.432962,-0.4507188,1.111395,23.86795,-0.4507188,-0.130964,-0.7288311,0.04994865,-0.6701931,0.18
1.112855,1.432088,-0.4535815,1.112855,23.86708,-0.4535815,-0.1365397,-0.7132772,0.05326065,-0.6853874,0.18
1.114861,1.432083,-0.4562517,1.114861,23.86707,-0.4562517,-0.142762,-0.6970991,0.05623105,-0.7003642,0.18
1.115287,1.431939,-0.4581534,1.115287,23.86693,-0.4581534,-0.148243,-0.682856,0.058357,-0.71297,0.18
1.115889,1.43166,-0.4601723,1.115889,23.86665,-0.4601723,-0.1534379,-0.6668907,0.05995428,-0.7267181,0.18
1.116423,1.431249,-0.4621469,1.116423,23.86624,-0.4621469,-0.1572637,-0.6508972,0.06081954,-0.740204,0.18
1.116423,1.431249,-0.4621469,1.116423,23.86624,-0.4621469,-0.1572637,-0.6508972,0.06081954,-0.740204,0.18
1.116557,1.431615,-0.4652065,1.116557,23.86661,-0.4652065,-0.1628158,-0.6179438,0.06212993,-0.7666658,0.18
1.116522,1.43237,-0.4665722,1.116522,23.86736,-0.4665722,-0.1648502,-0.6012185,0.06144684,-0.7794774,0.18
1.116141,1.433105,-0.4676372,1.116141,23.8681,-0.4676372,-0.1667633,-0.5848161,0.06032299,-0.7915437,0.18
1.115948,1.434046,-0.4688843,1.115948,23.86904,-0.4688843,-0.167046,-0.5674429,0.05727573,-0.8042535,0.18
1.115948,1.434046,-0.4688843,1.115948,23.86904,-0.4688843,-0.167046,-0.5674429,0.05727573,-0.8042535,0.18
1.114334,1.435101,-0.4708313,1.114334,23.87009,-0.4708313,-0.1652724,-0.5358098,0.04992586,-0.8264989,0.18
1.114334,1.435101,-0.4708313,1.114334,23.87009,-0.4708313,-0.1652724,-0.5358098,0.04992586,-0.8264989,0.18
1.112998,1.435444,-0.471763,1.112998,23.87044,-0.471763,-0.1642788,-0.5205093,0.04674656,-0.8365987,0.18
1.109149,1.435022,-0.4736773,1.109149,23.87001,-0.4736773,-0.1626414,-0.4906046,0.04283287,-0.8549973,0.18
1.107136,1.434436,-0.4747382,1.107136,23.86943,-0.4747382,-0.1619523,-0.4758464,0.04190304,-0.8634731,0.18
1.104228,1.433621,-0.4758121,1.104228,23.86861,-0.4758121,-0.1620718,-0.4615584,0.04189184,-0.8711725,0.18
1.101088,1.432444,-0.4764558,1.101088,23.86744,-0.4764558,-0.1625878,-0.4471387,0.04205235,-0.8785579,0.18
1.101088,1.432444,-0.4764558,1.101088,23.86744,-0.4764558,-0.1625878,-0.4471387,0.04205235,-0.8785579,0.18
1.094119,1.430565,-0.4786855,1.094119,23.86556,-0.4786855,-0.1662175,-0.4182423,0.0430338,-0.8919604,0.18
1.089993,1.429604,-0.4798275,1.089993,23.8646,-0.4798275,-0.1691071,-0.4044998,0.04365639,-0.8977064,0.18
1.086173,1.428713,-0.4810718,1.086173,23.8637,-0.4810718,-0.1723077,-0.3904807,0.04348486,-0.9032962,0.18
1.081026,1.427746,-0.4826559,1.081026,23.86274,-0.4826559,-0.1762847,-0.3752843,0.04330066,-0.9089612,0.18
1.076025,1.427068,-0.4840647,1.076025,23.86206,-0.4840647,-0.1798412,-0.3619285,0.04304988,-0.9136803,0.18
1.071229,1.426625,-0.4853824,1.071229,23.86162,-0.4853824,-0.1825826,-0.3483772,0.04222454,-0.9184303,0.18
1.065867,1.426376,-0.4868776,1.065867,23.86137,-0.4868776,-0.184176,-0.335245,0.03983704,-0.9230943,0.18
1.060485,1.426124,-0.4880208,1.060485,23.86112,-0.4880208,-0.1850087,-0.3225027,0.03632058,-0.9276016,0.18
1.054847,1.426682,-0.4893864,1.054847,23.86168,-0.4893864,-0.1851797,-0.310155,0.03144674,-0.9319461,0.18
1.049294,1.427041,-0.4906949,1.049294,23.86203,-0.4906949,-0.1858528,-0.2975641,0.02586262,-0.9360799,0.18
1.043843,1.427822,-0.4919869,1.043843,23.86281,-0.4919869,-0.1858247,-0.2851317,0.01883073,-0.9401141,0.18
1.038376,1.428398,-0.4931556,1.038376,23.86339,-0.4931556,-0.1850589,-0.2722887,0.01186385,-0.9441776,0.18
1.032611,1.428686,-0.4944628,1.032611,23.86368,-0.4944628,-0.1836499,-0.2595164,0.004621225,-0.9481048,0.18
1.032611,1.428686,-0.4944628,1.032611,23.86368,-0.4944628,-0.1836499,-0.2595164,0.004621225,-0.9481048,0.18
1.019767,1.428653,-0.4974574,1.019767,23.86365,-0.4974574,-0.1840496,-0.2317141,-0.006302821,-0.9551935,0.18
1.013158,1.428568,-0.499215,1.013158,23.86356,-0.499215,-0.1852424,-0.2186369,-0.009852084,-0.9580116,0.18
1.006466,1.42806,-0.5005652,1.006466,23.86305,-0.5005652,-0.1852756,-0.2055445,-0.0131787,-0.9608594,0.18
1.006466,1.42806,-0.5005652,1.006466,23.86305,-0.5005652,-0.1852756,-0.2055445,-0.0131787,-0.9608594,0.18
0.999526,1.427787,-0.5023171,0.999526,23.86278,-0.5023171,-0.1846985,-0.1928184,-0.01590529,-0.9635635,0.18
0.999526,1.427787,-0.5023171,0.999526,23.86278,-0.5023171,-0.1846985,-0.1928184,-0.01590529,-0.9635635,0.18
0.9856539,1.42681,-0.5059191,0.9856539,23.8618,-0.5059191,-0.1847102,-0.166495,-0.02102393,-0.9683592,0.18
0.9777009,1.426164,-0.5081857,0.9777009,23.86116,-0.5081857,-0.1855421,-0.1511448,-0.02447922,-0.9706339,0.18
0.9634826,1.424079,-0.5129813,0.9634826,23.85907,-0.5129813,-0.1896599,-0.1220016,-0.03109968,-0.9737441,0.18
0.9562781,1.42282,-0.5158499,0.9562781,23.85781,-0.5158499,-0.1924949,-0.1070613,-0.03395769,-0.974849,0.18
0.9562781,1.42282,-0.5158499,0.9562781,23.85781,-0.5158499,-0.1924949,-0.1070613,-0.03395769,-0.974849,0.18
0.9413555,1.419961,-0.522122,0.9413555,23.85495,-0.522122,-0.1996062,-0.07659134,-0.03854368,-0.9761176,0.18
0.9413555,1.419961,-0.522122,0.9413555,23.85495,-0.522122,-0.1996062,-0.07659134,-0.03854368,-0.9761176,0.18
0.9336984,1.418546,-0.5258499,0.9336984,23.85354,-0.5258499,-0.2030102,-0.06161823,-0.04069373,-0.9763883,0.18
0.926234,1.417081,-0.5294374,0.926234,23.85207,-0.5294374,-0.2063643,-0.04665263,-0.04279613,-0.9764251,0.18
0.9188337,1.415572,-0.5336958,0.9188337,23.85056,-0.5336958,-0.2099139,-0.03174003,-0.04461681,-0.9761855,0.18
0.9114671,1.414245,-0.5378393,0.9114671,23.84924,-0.5378393,-0.2134979,-0.01691148,-0.04672965,-0.9756787,0.18
0.8966525,1.411292,-0.5470833,0.8966525,23.84628,-0.5470833,-0.2184132,0.01270215,-0.05216239,-0.9743785,0.18
0.8895593,1.410126,-0.5513438,0.8895593,23.84512,-0.5513438,-0.2190886,0.02620385,-0.05492608,-0.9738053,0.18
0.8828061,1.408838,-0.5561508,0.8828061,23.84383,-0.5561508,-0.2195185,0.03915133,-0.05680297,-0.9731661,0.18
0.876096,1.407434,-0.561119,0.876096,23.84243,-0.561119,-0.2202065,0.05185165,-0.05880243,-0.9722977,0.18
0.8695564,1.405935,-0.5665263,0.8695564,23.84093,-0.5665263,-0.221741,0.0640089,-0.0602038,-0.9711382,0.18
0.8695564,1.405935,-0.5665263,0.8695564,23.84093,-0.5665263,-0.221741,0.0640089,-0.0602038,-0.9711382,0.18
0.8629348,1.404469,-0.5718774,0.8629348,23.83946,-0.5718774,-0.2240064,0.07660709,-0.06154053,-0.9696212,0.18
0.8565123,1.402565,-0.5775844,0.8565123,23.83756,-0.5775844,-0.2266654,0.08863904,-0.06281784,-0.9678946,0.18
0.8502305,1.400882,-0.5832707,0.8502305,23.83587,-0.5832707,-0.2294584,0.1006475,-0.06418093,-0.9659709,0.18
0.8429246,1.398831,-0.5908536,0.8429246,23.83382,-0.5908536,-0.2347397,0.1147129,-0.06506839,-0.9630703,0.18
0.8429246,1.398831,-0.5908536,0.8429246,23.83382,-0.5908536,-0.2347397,0.1147129,-0.06506839,-0.9630703,0.18
0.8308079,1.396,-0.6032754,0.8308079,23.83099,-0.6032754,-0.2464766,0.1368012,-0.0666027,-0.9571305,0.18
0.8216679,1.39415,-0.6132294,0.8216679,23.82914,-0.6132294,-0.254379,0.1540551,-0.06690494,-0.9524086,0.18
0.8216679,1.39415,-0.6132294,0.8216679,23.82914,-0.6132294,-0.254379,0.1540551,-0.06690494,-0.9524086,0.18
0.815912,1.392666,-0.619126,0.815912,23.82766,-0.619126,-0.2560498,0.1646032,-0.06708525,-0.950181,0.18
0.8108172,1.391194,-0.6241432,0.8108172,23.82619,-0.6241432,-0.2567896,0.1747118,-0.06705102,-0.9481767,0.18
0.8063123,1.390108,-0.6285042,0.8063123,23.8251,-0.6285042,-0.2582166,0.184106,-0.06800035,-0.9459414,0.18
0.8010185,1.389164,-0.6331269,0.8010185,23.82416,-0.6331269,-0.2607485,0.1941874,-0.06955067,-0.9431141,0.18
0.7958326,1.388106,-0.6381794,0.7958326,23.8231,-0.6381794,-0.2643754,0.2050111,-0.07150583,-0.9396611,0.18
0.7904246,1.386773,-0.6434871,0.7904246,23.82176,-0.6434871,-0.2702166,0.2152832,-0.07391066,-0.9355071,0.18
0.7864757,1.386034,-0.6478854,0.7864757,23.82103,-0.6478854,-0.2765232,0.222806,-0.07597083,-0.9317301,0.18
0.7823975,1.385139,-0.6533233,0.7823975,23.82013,-0.6533233,-0.2853834,0.2313538,-0.07895765,-0.9267133,0.18
0.778439,1.384205,-0.6582996,0.778439,23.8192,-0.6582996,-0.2928233,0.2394905,-0.08240327,-0.9220133,0.18
0.770885,1.383037,-0.6678003,0.770885,23.81803,-0.6678003,-0.3024525,0.2564535,-0.09221523,-0.9133732,0.18
0.7673597,1.382811,-0.672232,0.7673597,23.8178,-0.672232,-0.3043144,0.2652593,-0.09842591,-0.9095837,0.18
0.763499,1.382571,-0.6762794,0.763499,23.81756,-0.6762794,-0.3056258,0.2737344,-0.1044695,-0.9059517,0.18
0.7597346,1.382205,-0.6805259,0.7597346,23.8172,-0.6805259,-0.3060942,0.2826726,-0.1116003,-0.9021906,0.18
0.7597346,1.382205,-0.6805259,0.7597346,23.8172,-0.6805259,-0.3060942,0.2826726,-0.1116003,-0.9021906,0.18
0.7525294,1.381716,-0.687883,0.7525294,23.81671,-0.687883,-0.3054946,0.2981066,-0.1262276,-0.8954732,0.18
0.7525294,1.381716,-0.687883,0.7525294,23.81671,-0.687883,-0.3054946,0.2981066,-0.1262276,-0.8954732,0.18
0.7459049,1.381324,-0.6943575,0.7459049,23.81632,-0.6943575,-0.3010912,0.3138752,-0.1408651,-0.8893726,0.18
0.7459049,1.381324,-0.6943575,0.7459049,23.81632,-0.6943575,-0.3010912,0.3138752,-0.1408651,-0.8893726,0.18
0.7425227,1.381446,-0.6974374,0.7425227,23.81644,-0.6974374,-0.2991254,0.3214142,-0.147741,-0.8862221,0.18
0.7393968,1.381524,-0.7002853,0.7393968,23.81652,-0.7002853,-0.2974081,0.3287393,-0.1530605,-0.8832052,0.18
0.7361665,1.381826,-0.7031215,0.7361665,23.81682,-0.7031215,-0.2947276,0.3352155,-0.1567963,-0.8810115,0.18
0.7326927,1.381983,-0.7057675,0.7326927,23.81697,-0.7057675,-0.2922046,0.3414399,-0.1592045,-0.8790274,0.18
0.7292156,1.382071,-0.7083613,0.7292156,23.81706,-0.7083613,-0.2885801,0.3479454,-0.1608954,-0.8773644,0.18
0.7292156,1.382071,-0.7083613,0.7292156,23.81706,-0.7083613,-0.2885801,0.3479454,-0.1608954,-0.8773644,0.18
0.7220922,1.381714,-0.713823,0.7220922,23.81671,-0.713823,-0.2826499,0.3609371,-0.162878,-0.8736729,0.18
0.7198124,1.381485,-0.7156492,0.7198124,23.81648,-0.7156492,-0.2815595,0.3657177,-0.1639465,-0.8718351,0.18
0.716634,1.381145,-0.7185892,0.716634,23.81614,-0.7185892,-0.2800965,0.3720754,-0.1658249,-0.8692572,0.18
0.7119343,1.380489,-0.7232677,0.7119343,23.81548,-0.7232677,-0.2791385,0.382077,-0.1704227,-0.8643234,0.18
0.7096579,1.380386,-0.7259279,0.7096579,23.81538,-0.7259279,-0.2797172,0.3877251,-0.1741444,-0.8608724,0.18
0.7073085,1.380312,-0.7285484,0.7073085,23.8153,-0.7285484,-0.2798297,0.3934803,-0.1780067,-0.8574277,0.18
0.7049322,1.380375,-0.7312361,0.7049322,23.81537,-0.7312361,-0.2793181,0.4002907,-0.182172,-0.8535586,0.18
0.7026756,1.380403,-0.7335442,0.7026756,23.8154,-0.7335442,-0.2779443,0.4071206,-0.1859253,-0.8499598,0.18
0.7026756,1.380403,-0.7335442,0.7026756,23.8154,-0.7335442,-0.2779443,0.4071206,-0.1859253,-0.8499598,0.18
0.7002583,1.380478,-0.735732,0.7002583,23.81547,-0.735732,-0.2760219,0.4142077,-0.1890943,-0.8464558,0.18
0.6953058,1.380642,-0.7395633,0.6953058,23.81563,-0.7395633,-0.2709968,0.4290017,-0.1941396,-0.8395404,0.18
0.6953058,1.380642,-0.7395633,0.6953058,23.81563,-0.7395633,-0.2709968,0.4290017,-0.1941396,-0.8395404,0.18
0.6928129,1.380787,-0.7411956,0.6928129,23.81578,-0.7411956,-0.2680805,0.437216,-0.1964448,-0.835694,0.18
0.6902659,1.380864,-0.742937,0.6902659,23.81586,-0.742937,-0.2662002,0.445253,-0.1989908,-0.8314385,0.18
0.6881154,1.380955,-0.7444838,0.6881154,23.81595,-0.7444838,-0.2648292,0.4533584,-0.2013673,-0.8269117,0.18
0.6859794,1.380993,-0.7459706,0.6859794,23.81598,-0.7459706,-0.2641462,0.4607582,-0.2034054,-0.8225296,0.18
0.6841211,1.380865,-0.74728,0.6841211,23.81586,-0.74728,-0.2638845,0.4685435,-0.2051,-0.8177812,0.18
0.6824944,1.380661,-0.7484957,0.6824944,23.81565,-0.7484957,-0.2639937,0.4754425,-0.2064272,-0.8134185,0.18
0.679955,1.380913,-0.7505337,0.679955,23.8159,-0.7505337,-0.2653837,0.4880708,-0.2109615,-0.8042722,0.18
0.6785002,1.381187,-0.7512561,0.6785002,23.81618,-0.7512561,-0.2648883,0.4949917,-0.2138115,-0.7994386,0.18
0.6785002,1.381187,-0.7512561,0.6785002,23.81618,-0.7512561,-0.2648883,0.4949917,-0.2138115,-0.7994386,0.18
0.6768489,1.381769,-0.7516867,0.6768489,23.81676,-0.7516867,-0.2624847,0.5030293,-0.2165234,-0.794469,0.18
0.6751943,1.382244,-0.751902,0.6751943,23.81724,-0.751902,-0.2582874,0.511238,-0.2181509,-0.7901478,0.18
0.6737061,1.38275,-0.7517933,0.6737061,23.81774,-0.7517933,-0.2533551,0.5183713,-0.2192021,-0.7867992,0.18
0.6719739,1.383418,-0.7515477,0.6719739,23.81841,-0.7515477,-0.2471093,0.5269551,-0.2203549,-0.782751,0.18
0.6701946,1.38403,-0.7512673,0.6701946,23.81902,-0.7512673,-0.2407022,0.5356364,-0.2216998,-0.7784635,0.18
0.6701946,1.38403,-0.7512673,0.6701946,23.81902,-0.7512673,-0.2407022,0.5356364,-0.2216998,-0.7784635,0.18
0.667058,1.385348,-0.7499605,0.667058,23.82034,-0.7499605,-0.2265362,0.5542684,-0.2237474,-0.7690287,0.18
0.6652751,1.385784,-0.7491573,0.6652751,23.82078,-0.7491573,-0.2191973,0.5647366,-0.2244793,-0.7633048,0.18
0.6644711,1.386085,-0.7484201,0.6644711,23.82108,-0.7484201,-0.2142509,0.5716602,-0.2248494,-0.7594366,0.18
0.6632423,1.386155,-0.7472409,0.6632423,23.82115,-0.7472409,-0.20805,0.5810947,-0.2258568,-0.7536795,0.18
0.6625979,1.386031,-0.746101,0.6625979,23.82102,-0.746101,-0.2035524,0.588502,-0.2268078,-0.7488592,0.18
0.6612663,1.385615,-0.7432147,0.6612663,23.82061,-0.7432147,-0.1950846,0.6055675,-0.230509,-0.7362714,0.18
0.6608555,1.385305,-0.7416934,0.6608555,23.8203,-0.7416934,-0.1912954,0.6140415,-0.2322397,-0.7296739,0.18
0.6608555,1.385305,-0.7416934,0.6608555,23.8203,-0.7416934,-0.1912954,0.6140415,-0.2322397,-0.7296739,0.18
0.660444,1.384429,-0.7373961,0.660444,23.81942,-0.7373961,-0.1840381,0.6315258,-0.2353301,-0.7154893,0.18
0.6601896,1.384227,-0.7353431,0.6601896,23.81922,-0.7353431,-0.1807367,0.6394969,-0.2359565,-0.7090151,0.18
0.6600919,1.384156,-0.7328199,0.6600919,23.81915,-0.7328199,-0.1772298,0.6473573,-0.236109,-0.7026883,0.18
0.6598587,1.384266,-0.7303427,0.6598587,23.81926,-0.7303427,-0.1735489,0.6550545,-0.2359801,-0.6964896,0.18
0.6598587,1.384266,-0.7303427,0.6598587,23.81926,-0.7303427,-0.1735489,0.6550545,-0.2359801,-0.6964896,0.18
0.6595199,1.384487,-0.7276772,0.6595199,23.81948,-0.7276772,-0.1693441,0.6628469,-0.2349848,-0.6904628,0.18
0.6585314,1.38585,-0.7214807,0.6585314,23.82084,-0.7214807,-0.1614749,0.677039,-0.233186,-0.6790938,0.18
0.6576569,1.387627,-0.7183961,0.6576569,23.82262,-0.7183961,-0.1596048,0.6824437,-0.2341484,-0.6737741,0.18
0.6576569,1.387627,-0.7183961,0.6576569,23.82262,-0.7183961,-0.1596048,0.6824437,-0.2341484,-0.6737741,0.18
0.6522348,1.394596,-0.7074605,0.6522348,23.82959,-0.7074605,-0.1535007,0.6914887,-0.2353118,-0.6655142,0.18
0.6512344,1.396179,-0.7034758,0.6512344,23.83117,-0.7034758,-0.146807,0.696253,-0.2316148,-0.6633506,0.18
0.6516042,1.396854,-0.7015508,0.6516042,23.83185,-0.7015508,-0.1379588,0.7001548,-0.2246538,-0.663537,0.18
0.6495447,1.398361,-0.6971151,0.6495447,23.83335,-0.6971151,-0.1314348,0.7041572,-0.2177704,-0.6629205,0.18
0.6484563,1.399388,-0.6934513,0.6484563,23.83438,-0.6934513,-0.1256867,0.7070306,-0.209977,-0.6634911,0.18
0.6484563,1.399388,-0.6934513,0.6484563,23.83438,-0.6934513,-0.1256867,0.7070306,-0.209977,-0.6634911,0.18
0.6477153,1.400422,-0.6899959,0.6477153,23.83541,-0.6899959,-0.1213974,0.7095445,-0.2038933,-0.6635035,0.18
0.6470718,1.401616,-0.686159,0.6470718,23.83661,-0.686159,-0.1198176,0.7105452,-0.1985321,-0.664345,0.18
0.6473024,1.402622,-0.6824886,0.6473024,23.83761,-0.6824886,-0.1193168,0.711444,-0.1935988,-0.6649289,0.18
0.6473024,1.402622,-0.6824886,0.6473024,23.83761,-0.6824886,-0.1193168,0.711444,-0.1935988,-0.6649289,0.18
0.6483431,1.406166,-0.6727418,0.6483431,23.84116,-0.6727418,-0.1244156,0.7098221,-0.1841321,-0.6684076,0.18
0.6484389,1.407369,-0.6697437,0.6484389,23.84236,-0.6697437,-0.1250232,0.7093458,-0.1820034,-0.6693822,0.18
0.6484389,1.407369,-0.6697437,0.6484389,23.84236,-0.6697437,-0.1250232,0.7093458,-0.1820034,-0.6693822,0.18
0.6483715,1.408722,-0.6670109,0.6483715,23.84371,-0.6670109,-0.1239681,0.709392,-0.1790798,-0.6703174,0.18
0.6485698,1.410105,-0.6643203,0.6485698,23.8451,-0.6643203,-0.1217773,0.7096416,-0.175143,-0.6714939,0.18
0.64835,1.413023,-0.6599284,0.64835,23.84801,-0.6599284,-0.1172996,0.7096358,-0.1666447,-0.6744534,0.18
0.6486754,1.414697,-0.6578439,0.6486754,23.84969,-0.6578439,-0.1163517,0.7091359,-0.1636816,-0.6758675,0.18
0.6486754,1.414697,-0.6578439,0.6486754,23.84969,-0.6578439,-0.1163517,0.7091359,-0.1636816,-0.6758675,0.18
0.6496253,1.418489,-0.6545583,0.6496253,23.85348,-0.6545583,-0.1159656,0.7068344,-0.1599036,-0.6792408,0.18
0.6503093,1.420245,-0.6529342,0.6503093,23.85524,-0.6529342,-0.1152891,0.7060411,-0.1579914,-0.6806271,0.18
0.6505992,1.421858,-0.651718,0.6505992,23.85685,-0.651718,-0.1138551,0.7053574,-0.1558537,-0.6820686,0.18
0.650918,1.423448,-0.6505274,0.650918,23.85844,-0.6505274,-0.1121738,0.7051713,-0.1531532,-0.6831505,0.18
0.6511154,1.424938,-0.6496104,0.6511154,23.85993,-0.6496104,-0.1096148,0.7053742,-0.1500646,-0.6840413,0.18
0.6514168,1.426517,-0.6487688,0.6514168,23.86151,-0.6487688,-0.1069311,0.705636,-0.1472582,-0.6848056,0.18
0.6516259,1.427782,-0.6480235,0.6516259,23.86277,-0.6480235,-0.1047221,0.7058738,-0.1443844,-0.6855134,0.18
0.652283,1.429016,-0.6470941,0.652283,23.86401,-0.6470941,-0.1030196,0.7059916,-0.1421894,-0.6861086,0.18
0.6525369,1.42996,-0.6463736,0.6525369,23.86495,-0.6463736,-0.1019929,0.7057899,-0.1404365,-0.6868302,0.18
0.6528783,1.431157,-0.6457223,0.6528783,23.86615,-0.6457223,-0.1011993,0.7055425,-0.1383231,-0.6876301,0.18
0.6533048,1.432257,-0.645054,0.6533048,23.86725,-0.645054,-0.1004632,0.7053865,-0.1361356,-0.6883343,0.18
0.6534562,1.433254,-0.6447428,0.6534562,23.86825,-0.6447428,-0.09958207,0.7050083,-0.1327607,-0.6895081,0.18
0.6533484,1.434102,-0.6442276,0.6533484,23.86909,-0.6442276,-0.09849527,0.7044652,-0.1285473,-0.691016,0.18
0.6530926,1.434728,-0.6438957,0.6530926,23.86972,-0.6438957,-0.09744739,0.7037535,-0.1228683,-0.6929203,0.18
0.6530926,1.434728,-0.6438957,0.6530926,23.86972,-0.6438957,-0.09744739,0.7037535,-0.1228683,-0.6929203,0.18
0.6525354,1.435187,-0.6435179,0.6525354,23.87018,-0.6435179,-0.09623969,0.7027751,-0.1173298,-0.6950388,0.18
0.6517897,1.435412,-0.6431502,0.6517897,23.8704,-0.6431502,-0.09566162,0.7015253,-0.1112958,-0.6973697,0.18
0.6513059,1.435539,-0.6428345,0.6513059,23.87053,-0.6428345,-0.09546001,0.6999846,-0.1060867,-0.6997532,0.18
0.6513059,1.435539,-0.6428345,0.6513059,23.87053,-0.6428345,-0.09546001,0.6999846,-0.1060867,-0.6997532,0.18
0.6497643,1.434864,-0.6420511,0.6497643,23.86986,-0.6420511,-0.09901848,0.6954303,-0.09742663,-0.7050391,0.18
0.6489344,1.434429,-0.6417414,0.6489344,23.86942,-0.6417414,-0.1020875,0.6928234,-0.09398635,-0.7076302,0.18
0.6483569,1.433368,-0.6413575,0.6483569,23.86836,-0.6413575,-0.1053383,0.6895507,-0.08998179,-0.7108636,0.18
0.6479712,1.432001,-0.6408166,0.6479712,23.86699,-0.6408166,-0.1080973,0.6864854,-0.08626339,-0.7138707,0.18
0.6482983,1.427997,-0.6393386,0.6482983,23.86299,-0.6393386,-0.1162864,0.6792738,-0.08460257,-0.7196576,0.18
0.6493237,1.426278,-0.6383985,0.6493237,23.86127,-0.6383985,-0.1230922,0.6754229,-0.08813105,-0.7217238,0.18
0.6507065,1.424887,-0.6372832,0.6507065,23.85988,-0.6372832,-0.1292597,0.6720608,-0.09192281,-0.7233095,0.18
0.6524701,1.423814,-0.6361634,0.6524701,23.85881,-0.6361634,-0.1354349,0.6688806,-0.0991198,-0.7241763,0.18
0.6543891,1.423075,-0.6347333,0.6543891,23.85807,-0.6347333,-0.1408098,0.6661425,-0.1077692,-0.7244396,0.18
0.6561651,1.422744,-0.6332773,0.6561651,23.85774,-0.6332773,-0.1442675,0.6643617,-0.1155976,-0.7241876,0.18
0.6576896,1.422971,-0.6316568,0.6576896,23.85796,-0.6316568,-0.1456771,0.6633067,-0.1234132,-0.7235825,0.18
0.6588151,1.423506,-0.6300126,0.6588151,23.8585,-0.6300126,-0.1454012,0.6624441,-0.1279695,-0.7236368,0.18
0.6596096,1.424624,-0.6281608,0.6596096,23.85962,-0.6281608,-0.1427622,0.6620067,-0.1295079,-0.7242885,0.18
0.660084,1.425745,-0.6263641,0.660084,23.86074,-0.6263641,-0.1400537,0.6616029,-0.1291506,-0.7252495,0.18
0.6601791,1.427036,-0.6243929,0.6601791,23.86203,-0.6243929,-0.1367031,0.6613756,-0.1269202,-0.7264888,0.18
0.6601791,1.427036,-0.6243929,0.6601791,23.86203,-0.6243929,-0.1367031,0.6613756,-0.1269202,-0.7264888,0.18
0.6607637,1.427943,-0.6225313,0.6607637,23.86293,-0.6225313,-0.1352542,0.6609077,-0.1250284,-0.7275131,0.18
0.6611266,1.428956,-0.6205853,0.6611266,23.86395,-0.6205853,-0.1349733,0.6603055,-0.1229518,-0.7284653,0.18
0.6617146,1.429545,-0.6186715,0.6617146,23.86454,-0.6186715,-0.1360905,0.6596054,-0.1217308,-0.7290965,0.18
0.6631246,1.430278,-0.6142324,0.6631246,23.86527,-0.6142324,-0.1418448,0.6574249,-0.1207283,-0.7301352,0.18
0.6631246,1.430278,-0.6142324,0.6631246,23.86527,-0.6142324,-0.1418448,0.6574249,-0.1207283,-0.7301352,0.18
0.6639149,1.430527,-0.6120852,0.6639149,23.86552,-0.6120852,-0.1451798,0.6560516,-0.1212727,-0.7306246,0.18
0.6643529,1.430675,-0.6097552,0.6643529,23.86567,-0.6097552,-0.1484827,0.6548134,-0.1213632,-0.7310564,0.18
0.6650779,1.430692,-0.6045839,0.6650779,23.86568,-0.6045839,-0.1528649,0.6520913,-0.1199385,-0.7328193,0.18
0.6654439,1.430766,-0.6018716,0.6654439,23.86576,-0.6018716,-0.1544361,0.6507571,-0.1180322,-0.7339844,0.18
0.6654439,1.430766,-0.6018716,0.6654439,23.86576,-0.6018716,-0.1544361,0.6507571,-0.1180322,-0.7339844,0.18
0.6652582,1.430572,-0.5989252,0.6652582,23.86556,-0.5989252,-0.1555747,0.6491633,-0.1154658,-0.7355618,0.18
0.6652582,1.430572,-0.5989252,0.6652582,23.86556,-0.5989252,-0.1555747,0.6491633,-0.1154658,-0.7355618,0.18
0.6646872,1.430852,-0.5921265,0.6646872,23.86584,-0.5921265,-0.1564009,0.6463416,-0.1100063,-0.7387015,0.18
0.6645477,1.430852,-0.5893825,0.6645477,23.86584,-0.5893825,-0.155888,0.6454019,-0.1081016,-0.7399118,0.18
0.6636713,1.431034,-0.5830933,0.6636713,23.86603,-0.5830933,-0.1536903,0.6435816,-0.1050991,-0.7423855,0.18
0.6635358,1.431147,-0.5799602,0.6635358,23.86614,-0.5799602,-0.1525999,0.6425622,-0.1036552,-0.7436953,0.18
0.663238,1.431103,-0.5765952,0.663238,23.86609,-0.5765952,-0.151389,0.6417542,-0.1028728,-0.7447484,0.18
0.663343,1.431034,-0.5732158,0.663343,23.86603,-0.5732158,-0.1505249,0.6411149,-0.1023399,-0.7455472,0.18
0.663343,1.431034,-0.5732158,0.663343,23.86603,-0.5732158,-0.1505249,0.6411149,-0.1023399,-0.7455472,0.18
0.6630197,1.430664,-0.5663954,0.6630197,23.86566,-0.5663954,-0.1483381,0.6401669,-0.1016245,-0.7468967,0.18
0.6628537,1.430367,-0.5624195,0.6628537,23.86536,-0.5624195,-0.147032,0.6398005,-0.1012639,-0.7475176,0.18
0.6626332,1.430068,-0.5587107,0.6626332,23.86506,-0.5587107,-0.1455487,0.6396281,-0.1011003,-0.7479775,0.18
0.6624629,1.429717,-0.5551239,0.6624629,23.86471,-0.5551239,-0.1440861,0.6394492,-0.1009294,-0.7484365,0.18
0.6624629,1.429717,-0.5551239,0.6624629,23.86471,-0.5551239,-0.1440861,0.6394492,-0.1009294,-0.7484365,0.18
0.6623209,1.429306,-0.55134,0.6623209,23.8643,-0.55134,-0.1427705,0.639789,-0.1009298,-0.7483982,0.18
0.6619616,1.428382,-0.5436102,0.6619616,23.86337,-0.5436102,-0.1404522,0.6409583,-0.1017683,-0.7477224,0.18
0.6618617,1.428036,-0.539827,0.6618617,23.86303,-0.539827,-0.1397766,0.6417139,-0.1027941,-0.7470604,0.18
0.6618617,1.428036,-0.539827,0.6618617,23.86303,-0.539827,-0.1397766,0.6417139,-0.1027941,-0.7470604,0.18
0.6619518,1.427782,-0.535803,0.6619518,23.86277,-0.535803,-0.1392909,0.6427778,-0.1043431,-0.746021,0.18
0.6621597,1.427238,-0.5269996,0.6621597,23.86223,-0.5269996,-0.1386348,0.6451398,-0.1072916,-0.7436824,0.18
0.662251,1.427065,-0.5225977,0.662251,23.86206,-0.5225977,-0.1381026,0.6465171,-0.1087072,-0.7423787,0.18
0.6623311,1.427018,-0.5182344,0.6623311,23.86201,-0.5182344,-0.13786,0.6477759,-0.1099084,-0.7411486,0.18
0.6623311,1.427018,-0.5182344,0.6623311,23.86201,-0.5182344,-0.13786,0.6477759,-0.1099084,-0.7411486,0.18
0.6623678,1.427198,-0.5136918,0.6623678,23.86219,-0.5136918,-0.1380987,0.6491295,-0.1110061,-0.7397549,0.18
0.6623678,1.427198,-0.5136918,0.6623678,23.86219,-0.5136918,-0.1380987,0.6491295,-0.1110061,-0.7397549,0.18
0.6622691,1.428182,-0.5043317,0.6622691,23.86317,-0.5043317,-0.1387593,0.6516042,-0.1125586,-0.7372167,0.18
0.6621475,1.428848,-0.4996737,0.6621475,23.86384,-0.4996737,-0.1382723,0.6530042,-0.1127546,-0.7360386,0.18
0.6620495,1.429729,-0.4939872,0.6620495,23.86472,-0.4939872,-0.1366705,0.6546291,-0.1114721,-0.7350891,0.18
0.6619258,1.430312,-0.4897593,0.6619258,23.8653,-0.4897593,-0.1349322,0.6557781,-0.1099447,-0.734616,0.18
0.6618648,1.430875,-0.4849833,0.6618648,23.86587,-0.4849833,-0.1330291,0.6570231,-0.1078384,-0.7341626,0.18
0.6614962,1.431258,-0.4801565,0.6614962,23.86625,-0.4801565,-0.1307786,0.6579536,-0.1053028,-0.7341018,0.18
0.6613185,1.43179,-0.4755381,0.6613185,23.86678,-0.4755381,-0.1289022,0.6588675,-0.1030813,-0.7339293,0.18
0.6610429,1.432266,-0.471007,0.6610429,23.86726,-0.471007,-0.1271486,0.6597865,-0.1006814,-0.7337428,0.18
0.6608276,1.432678,-0.4665073,0.6608276,23.86767,-0.4665073,-0.1258123,0.6603574,-0.09887956,-0.7337045,0.18
0.6607077,1.433146,-0.4621118,0.6607077,23.86814,-0.4621118,-0.124847,0.6606326,-0.09716,-0.7338513,0.18
0.6605768,1.433518,-0.4579583,0.6605768,23.86851,-0.4579583,-0.1240221,0.6610321,-0.09562191,-0.7338334,0.18
0.6603916,1.433865,-0.4495004,0.6603916,23.86886,-0.4495004,-0.1218972,0.6616625,-0.09316336,-0.7339377,0.18
0.6603916,1.433865,-0.4495004,0.6603916,23.86886,-0.4495004,-0.1218972,0.6616625,-0.09316336,-0.7339377,0.18
0.6608648,1.434426,-0.4423643,0.6608648,23.86942,-0.4423643,-0.1206252,0.6623255,-0.0913023,-0.7337837,0.18
0.6609557,1.434628,-0.4388274,0.6609557,23.86962,-0.4388274,-0.1202094,0.6628392,-0.09068461,-0.7334645,0.18
0.6609557,1.434628,-0.4388274,0.6609557,23.86962,-0.4388274,-0.1202094,0.6628392,-0.09068461,-0.7334645,0.18
0.6612372,1.43478,-0.4356793,0.6612372,23.86977,-0.4356793,-0.1198784,0.663151,-0.09082217,-0.7332199,0.18
0.6618423,1.434884,-0.4297253,0.6618423,23.86987,-0.4297253,-0.1185454,0.6640496,-0.09044605,-0.7326696,0.18
0.6618423,1.434884,-0.4297253,0.6618423,23.86987,-0.4297253,-0.1185454,0.6640496,-0.09044605,-0.7326696,0.18
0.6622534,1.434943,-0.4268759,0.6622534,23.86994,-0.4268759,-0.1177976,0.6645767,-0.09007065,-0.7323584,0.18
0.6632285,1.434802,-0.4218463,0.6632285,23.86979,-0.4218463,-0.1166674,0.6659991,-0.08982572,-0.7312766,0.18
0.6632285,1.434802,-0.4218463,0.6632285,23.86979,-0.4218463,-0.1166674,0.6659991,-0.08982572,-0.7312766,0.18
0.6635189,1.434666,-0.4198011,0.6635189,23.86966,-0.4198011,-0.1168014,0.6667297,-0.08979227,-0.7305931,0.18
0.6641641,1.434464,-0.4178301,0.6641641,23.86946,-0.4178301,-0.1179694,0.6675227,-0.09024293,-0.7296252,0.18
0.6647048,1.434377,-0.4158653,0.6647048,23.86937,-0.4158653,-0.1196095,0.66817,-0.09092491,-0.7286804,0.18
0.6659398,1.434039,-0.4126941,0.6659398,23.86903,-0.4126941,-0.1246446,0.6697865,-0.09225019,-0.7261815,0.18
0.6665571,1.434003,-0.411451,0.6665571,23.869,-0.411451,-0.1275223,0.6709645,-0.09223146,-0.7245951,0.18
0.6672499,1.433979,-0.4100839,0.6672499,23.86897,-0.4100839,-0.1299044,0.6723834,-0.0916006,-0.7229348,0.18
0.6676342,1.433733,-0.4087194,0.6676342,23.86872,-0.4087194,-0.1321555,0.6742355,-0.0904268,-0.720947,0.18
0.6680822,1.433867,-0.4077755,0.6680822,23.86886,-0.4077755,-0.1340823,0.6758772,-0.08917797,-0.7192075,0.18
0.6687086,1.434014,-0.4069558,0.6687086,23.86901,-0.4069558,-0.1356573,0.6774291,-0.08769899,-0.7176321,0.18
0.6693175,1.434081,-0.4062313,0.6693175,23.86907,-0.4062313,-0.1369383,0.6788687,-0.08624791,-0.7162029,0.18
0.6699305,1.434092,-0.405424,0.6699305,23.86908,-0.405424,-0.1381287,0.6801355,-0.08500721,-0.7149195,0.18
0.6706986,1.434189,-0.4047922,0.6706986,23.86918,-0.4047922,-0.1396366,0.6813354,-0.08415065,-0.7135842,0.18
0.6706986,1.434189,-0.4047922,0.6706986,23.86918,-0.4047922,-0.1396366,0.6813354,-0.08415065,-0.7135842,0.18
0.6720626,1.434399,-0.4036499,0.6720626,23.86939,-0.4036499,-0.1412823,0.6838545,-0.08352818,-0.7109187,0.18
0.6727357,1.434499,-0.403124,0.6727357,23.86949,-0.403124,-0.1414984,0.6852612,-0.08380553,-0.7094871,0.18
0.6733949,1.434473,-0.4026402,0.6733949,23.86946,-0.4026402,-0.140939,0.6867324,-0.08422372,-0.7081252,0.18
0.6738598,1.434509,-0.402239,0.6738598,23.8695,-0.402239,-0.1404134,0.6878834,-0.08440262,-0.7070903,0.18
0.674156,1.434272,-0.4018775,0.674156,23.86926,-0.4018775,-0.1400995,0.6889525,-0.08451442,-0.7060977,0.18
0.6746595,1.434098,-0.4016503,0.6746595,23.86909,-0.4016503,-0.1399684,0.6896194,-0.08489911,-0.7054262,0.18
0.6750641,1.434072,-0.4013156,0.6750641,23.86906,-0.4013156,-0.1407301,0.6902263,-0.0855162,-0.7046061,0.18
0.6754377,1.434099,-0.4011956,0.6754377,23.86909,-0.4011956,-0.141698,0.6905367,-0.08639529,-0.7040004,0.18
0.6754377,1.434099,-0.4011956,0.6754377,23.86909,-0.4011956,-0.141698,0.6905367,-0.08639529,-0.7040004,0.18
0.6757524,1.434172,-0.4009858,0.6757524,23.86916,-0.4009858,-0.1423736,0.691097,-0.08694588,-0.7032462,0.18
0.6757524,1.434172,-0.4009858,0.6757524,23.86916,-0.4009858,-0.1423736,0.691097,-0.08694588,-0.7032462,0.18
0.6764019,1.434539,-0.4006613,0.6764019,23.86953,-0.4006613,-0.1428192,0.6934116,-0.08844253,-0.700686,0.18
0.6767046,1.434541,-0.4005996,0.6767046,23.86953,-0.4005996,-0.1430766,0.6942905,-0.08959642,-0.6996159,0.18
0.6770556,1.434518,-0.4004725,0.6770556,23.86951,-0.4004725,-0.1434382,0.6950252,-0.09070344,-0.6986691,0.18
0.6770556,1.434518,-0.4004725,0.6770556,23.86951,-0.4004725,-0.1434382,0.6950252,-0.09070344,-0.6986691,0.18
0.6778035,1.434572,-0.4001912,0.6778035,23.86956,-0.4001912,-0.1444644,0.6963679,-0.09294647,-0.6968234,0.18
0.6780295,1.434555,-0.3999699,0.6780295,23.86955,-0.3999699,-0.1446726,0.696974,-0.0936584,-0.6960785,0.18
0.6782715,1.434446,-0.3996166,0.6782715,23.86944,-0.3996166,-0.1447017,0.6977047,-0.09434893,-0.6952466,0.18
0.6785026,1.434395,-0.3992251,0.6785026,23.86939,-0.3992251,-0.1445486,0.6981751,-0.09515271,-0.6946964,0.18
0.6783478,1.434394,-0.3988339,0.6783478,23.86938,-0.3988339,-0.1444586,0.6988422,-0.09569983,-0.693969,0.18
0.6783454,1.434121,-0.3981408,0.6783454,23.86911,-0.3981408,-0.1441837,0.699487,-0.09616844,-0.6933113,0.18
0.6783454,1.434121,-0.3981408,0.6783454,23.86911,-0.3981408,-0.1441837,0.699487,-0.09616844,-0.6933113,0.18
0.6783607,1.434007,-0.3974487,0.6783607,23.869,-0.3974487,-0.1436225,0.700091,-0.09657697,-0.6927612,0.18
0.6783383,1.433882,-0.3968383,0.6783383,23.86887,-0.3968383,-0.1431056,0.7006913,-0.0973556,-0.6921521,0.18
0.6782331,1.433618,-0.3952082,0.6782331,23.86861,-0.3952082,-0.1423665,0.7017921,-0.09950223,-0.6908827,0.18
0.6782153,1.433475,-0.3943278,0.6782153,23.86847,-0.3943278,-0.1417826,0.7023691,-0.1006195,-0.6902544,0.18
0.6781931,1.433343,-0.3934723,0.6781931,23.86834,-0.3934723,-0.1415293,0.7030883,-0.1014882,-0.6894466,0.18
0.6781297,1.433084,-0.3925446,0.6781297,23.86808,-0.3925446,-0.1411497,0.7039083,-0.1021668,-0.688587,0.18
0.6779976,1.432824,-0.3916005,0.6779976,23.86782,-0.3916005,-0.1408468,0.704713,-0.1028017,-0.6877308,0.18
0.6778967,1.432434,-0.3905028,0.6778967,23.86743,-0.3905028,-0.1407399,0.7056761,-0.1031036,-0.6867192,0.18
0.6777296,1.432043,-0.3893715,0.6777296,23.86703,-0.3893715,-0.1409611,0.7064996,-0.1033787,-0.6857851,0.18
0.6777296,1.432043,-0.3893715,0.6777296,23.86703,-0.3893715,-0.1409611,0.7064996,-0.1033787,-0.6857851,0.18
0.6776223,1.431668,-0.3882774,0.6776223,23.86666,-0.3882774,-0.1413788,0.7071788,-0.1037678,-0.6849397,0.18
0.6776223,1.431668,-0.3882774,0.6776223,23.86666,-0.3882774,-0.1413788,0.7071788,-0.1037678,-0.6849397,0.18
0.6771426,1.431018,-0.3857976,0.6771426,23.86601,-0.3857976,-0.142865,0.7083642,-0.1045278,-0.6832889,0.18
0.6768346,1.430572,-0.3845891,0.6768346,23.86556,-0.3845891,-0.143239,0.7089515,-0.1046515,-0.6825822,0.18
0.6766145,1.430078,-0.3832399,0.6766145,23.86507,-0.3832399,-0.1435758,0.7095788,-0.1049373,-0.6818154,0.18
0.6764708,1.429602,-0.3819758,0.6764708,23.86459,-0.3819758,-0.1438125,0.7101844,-0.1053996,-0.6810631,0.18
0.6759892,1.428377,-0.3792571,0.6759892,23.86337,-0.3792571,-0.1435964,0.7115816,-0.1068642,-0.6794202,0.18
0.6757827,1.427935,-0.3777946,0.6757827,23.86293,-0.3777946,-0.1437176,0.712473,-0.1079342,-0.6782904,0.18
0.6757827,1.427935,-0.3777946,0.6757827,23.86293,-0.3777946,-0.1437176,0.712473,-0.1079342,-0.6782904,0.18
0.6759799,1.427389,-0.3762273,0.6759799,23.86238,-0.3762273,-0.14353,0.7136207,-0.1094858,-0.6768733,0.18
0.6762049,1.42616,-0.3735512,0.6762049,23.86115,-0.3735512,-0.1435235,0.7153465,-0.1124476,-0.6745635,0.18
0.6762862,1.42549,-0.3723007,0.6762862,23.86048,-0.3723007,-0.1439863,0.7162147,-0.1141499,-0.6732566,0.18
0.6762862,1.42549,-0.3723007,0.6762862,23.86048,-0.3723007,-0.1439863,0.7162147,-0.1141499,-0.6732566,0.18
0.6769483,1.424155,-0.3697439,0.6769483,23.85915,-0.3697439,-0.1455721,0.7176644,-0.1175928,-0.6707746,0.18
0.6772895,1.423376,-0.3684534,0.6772895,23.85837,-0.3684534,-0.1461221,0.7184495,-0.118419,-0.6696683,0.18
0.6772895,1.423376,-0.3684534,0.6772895,23.85837,-0.3684534,-0.1461221,0.7184495,-0.118419,-0.6696683,0.18
0.6774709,1.422497,-0.3671147,0.6774709,23.85749,-0.3671147,-0.146731,0.7192837,-0.1193111,-0.6684803,0.18
0.6781728,1.420687,-0.3644427,0.6781728,23.85568,-0.3644427,-0.1484464,0.7208835,-0.1209445,-0.6660805,0.18
0.6785901,1.419692,-0.3632847,0.6785901,23.85468,-0.3632847,-0.1494765,0.7215489,-0.1219529,-0.6649449,0.18
0.6791761,1.418597,-0.3621351,0.6791761,23.85359,-0.3621351,-0.1510569,0.7219006,-0.1235802,-0.6639047,0.18
0.6797082,1.417557,-0.3609589,0.6797082,23.85255,-0.3609589,-0.1533802,0.7221895,-0.1255119,-0.6626943,0.18
0.6797082,1.417557,-0.3609589,0.6797082,23.85255,-0.3609589,-0.1533802,0.7221895,-0.1255119,-0.6626943,0.18
0.6803138,1.416508,-0.3598472,0.6803138,23.8515,-0.3598472,-0.1562345,0.7221162,-0.1284111,-0.6615508,0.18
0.6803138,1.416508,-0.3598472,0.6803138,23.8515,-0.3598472,-0.1562345,0.7221162,-0.1284111,-0.6615508,0.18
0.6812339,1.414374,-0.357879,0.6812339,23.84937,-0.357879,-0.1630717,0.721674,-0.1346793,-0.6591326,0.18
0.6819122,1.413317,-0.3569988,0.6819122,23.84831,-0.3569988,-0.1668705,0.7211829,-0.1380867,-0.6580133,0.18
0.6826167,1.412007,-0.3561376,0.6826167,23.847,-0.3561376,-0.1710089,0.7207258,-0.1419446,-0.6566293,0.18
0.6833503,1.410624,-0.3552448,0.6833503,23.84562,-0.3552448,-0.1758303,0.7200415,-0.1470639,-0.6549781,0.18
0.6847548,1.40776,-0.3538069,0.6847548,23.84275,-0.3538069,-0.1859486,0.7182869,-0.1579401,-0.651569,0.18
0.6847548,1.40776,-0.3538069,0.6847548,23.84275,-0.3538069,-0.1859486,0.7182869,-0.1579401,-0.651569,0.18
0.6852057,1.406186,-0.3529345,0.6852057,23.84118,-0.3529345,-0.1911865,0.7172171,-0.1638855,-0.6497607,0.18
0.6864347,1.403202,-0.351709,0.6864347,23.83819,-0.351709,-0.2013236,0.7150479,-0.1763038,-0.6458268,0.18
0.6865654,1.401911,-0.3513492,0.6865654,23.8369,-0.3513492,-0.2059439,0.7139472,-0.1826089,-0.6438327,0.18
0.6867166,1.400738,-0.3508393,0.6867166,23.83573,-0.3508393,-0.2097941,0.7130541,-0.187802,-0.6420831,0.18
0.6865759,1.399817,-0.3504843,0.6865759,23.83481,-0.3504843,-0.211998,0.7126374,-0.1918061,-0.6406366,0.18
0.6865759,1.399817,-0.3504843,0.6865759,23.83481,-0.3504843,-0.211998,0.7126374,-0.1918061,-0.6406366,0.18
0.6858301,1.399084,-0.3502828,0.6858301,23.83408,-0.3502828,-0.2131995,0.7127013,-0.1946329,-0.6393129,0.18
0.6843829,1.398598,-0.3501245,0.6843829,23.83359,-0.3501245,-0.2125993,0.7138266,-0.1961193,-0.6378013,0.18
0.6843829,1.398598,-0.3501245,0.6843829,23.83359,-0.3501245,-0.2125993,0.7138266,-0.1961193,-0.6378013,0.18
0.683692,1.398284,-0.3500255,0.683692,23.83328,-0.3500255,-0.2121689,0.7143399,-0.1963232,-0.6373069,0.18
0.6821797,1.397712,-0.3502215,0.6821797,23.8327,-0.3502215,-0.2114017,0.7156146,-0.1969083,-0.6359498,0.18
0.6815996,1.39739,-0.3502244,0.6815996,23.83238,-0.3502244,-0.2115795,0.7162415,-0.1983545,-0.6347344,0.18
0.6810563,1.397018,-0.350227,0.6810563,23.83201,-0.350227,-0.2123927,0.7166718,-0.2004898,-0.6333046,0.18
0.6810563,1.397018,-0.350227,0.6810563,23.83201,-0.350227,-0.2123927,0.7166718,-0.2004898,-0.6333046,0.18
0.6805007,1.396815,-0.350463,0.6805007,23.83181,-0.350463,-0.2133991,0.7171366,-0.20282,-0.6316962,0.18
0.6788604,1.396265,-0.3508822,0.6788604,23.83126,-0.3508822,-0.2154421,0.718087,-0.2049552,-0.6292291,0.18
0.6788604,1.396265,-0.3508822,0.6788604,23.83126,-0.3508822,-0.2154421,0.718087,-0.2049552,-0.6292291,0.18
0.6777821,1.39593,-0.3512453,0.6777821,23.83092,-0.3512453,-0.2161898,0.7185531,-0.2041662,-0.6286969,0.18
0.676275,1.395495,-0.3518528,0.676275,23.83049,-0.3518528,-0.2170455,0.7189746,-0.204004,-0.6279723,0.18
0.676275,1.395495,-0.3518528,0.676275,23.83049,-0.3518528,-0.2170455,0.7189746,-0.204004,-0.6279723,0.18
0.6742964,1.394316,-0.3525225,0.6742964,23.82931,-0.3525225,-0.21828,0.7198408,-0.2050291,-0.6262158,0.18
0.6733146,1.393506,-0.3529574,0.6733146,23.8285,-0.3529574,-0.2189793,0.7200512,-0.2069444,-0.6250986,0.18
0.6726871,1.39273,-0.3531173,0.6726871,23.82772,-0.3531173,-0.2201403,0.7201478,-0.209785,-0.6236311,0.18
0.6722128,1.392166,-0.3533019,0.6722128,23.82716,-0.3533019,-0.2221443,0.7197504,-0.2134356,-0.6221386,0.18
0.6710167,1.391276,-0.3536259,0.6710167,23.82627,-0.3536259,-0.2261171,0.7186561,-0.2198668,-0.6197283,0.18
0.6703136,1.391039,-0.3537589,0.6703136,23.82603,-0.3537589,-0.2275367,0.718048,-0.2216354,-0.6192835,0.18
0.6693993,1.390817,-0.3541032,0.6693993,23.82581,-0.3541032,-0.2289561,0.7174333,-0.2231789,-0.6189183,0.18
0.6693993,1.390817,-0.3541032,0.6693993,23.82581,-0.3541032,-0.2289561,0.7174333,-0.2231789,-0.6189183,0.18
0.6678388,1.390489,-0.3545507,0.6678388,23.82548,-0.3545507,-0.2310027,0.7164863,-0.2247606,-0.6186824,0.18
0.6678388,1.390489,-0.3545507,0.6678388,23.82548,-0.3545507,-0.2310027,0.7164863,-0.2247606,-0.6186824,0.18
0.6671586,1.39055,-0.3547167,0.6671586,23.82554,-0.3547167,-0.2316927,0.7158384,-0.225249,-0.6189966,0.18
0.6663783,1.390708,-0.3550519,0.6663783,23.8257,-0.3550519,-0.2322763,0.7152622,-0.2258458,-0.6192265,0.18
0.665318,1.391129,-0.355251,0.665318,23.82612,-0.355251,-0.2325537,0.7145809,-0.2262165,-0.6197734,0.18
0.6627254,1.39192,-0.3559808,0.6627254,23.82691,-0.3559808,-0.2313211,0.7134799,-0.2259759,-0.6215882,0.18
0.6610608,1.392413,-0.356196,0.6610608,23.8274,-0.356196,-0.2297325,0.7132383,-0.2247942,-0.6228818,0.18
0.6593277,1.392627,-0.3567439,0.6593277,23.82762,-0.3567439,-0.228283,0.7128382,-0.2239016,-0.6241928,0.18
0.6593277,1.392627,-0.3567439,0.6593277,23.82762,-0.3567439,-0.228283,0.7128382,-0.2239016,-0.6241928,0.18
0.6563354,1.392734,-0.3579379,0.6563354,23.82773,-0.3579379,-0.2247487,0.712606,-0.2216838,-0.6265279,0.18
0.6545396,1.3927,-0.3586532,0.6545396,23.82769,-0.3586532,-0.2231914,0.7124067,-0.2211425,-0.6275017,0.18
0.6545396,1.3927,-0.3586532,0.6545396,23.82769,-0.3586532,-0.2231914,0.7124067,-0.2211425,-0.6275017,0.18
0.6528842,1.392441,-0.3593162,0.6528842,23.82743,-0.3593162,-0.2217243,0.712262,-0.2210571,-0.6282157,0.18
0.6493988,1.391899,-0.3607093,0.6493988,23.82689,-0.3607093,-0.2198032,0.7118748,-0.2215934,-0.6291401,0.18
0.6493988,1.391899,-0.3607093,0.6493988,23.82689,-0.3607093,-0.2198032,0.7118748,-0.2215934,-0.6291401,0.18
0.6454656,1.390804,-0.3625785,0.6454656,23.8258,-0.3625785,-0.2187183,0.7110972,-0.2221011,-0.6302177,0.18
0.6454656,1.390804,-0.3625785,0.6454656,23.8258,-0.3625785,-0.2187183,0.7110972,-0.2221011,-0.6302177,0.18
0.6434813,1.390255,-0.3637303,0.6434813,23.82525,-0.3637303,-0.2183305,0.71061,-0.2222458,-0.6308503,0.18
0.6434813,1.390255,-0.3637303,0.6434813,23.82525,-0.3637303,-0.2183305,0.71061,-0.2222458,-0.6308503,0.18
0.6395571,1.388761,-0.3660284,0.6395571,23.82375,-0.3660284,-0.2189732,0.7094914,-0.2229302,-0.6316445,0.18
0.6368017,1.388018,-0.3676037,0.6368017,23.82301,-0.3676037,-0.2202095,0.7083282,-0.2238468,-0.6321959,0.18
0.6351368,1.3877,-0.368735,0.6351368,23.82269,-0.368735,-0.2211249,0.7076343,-0.2244019,-0.6324565,0.18
0.6326962,1.387191,-0.370103,0.6326962,23.82218,-0.370103,-0.222354,0.7065633,-0.2248501,-0.6330636,0.18
0.627852,1.386404,-0.3731459,0.627852,23.8214,-0.3731459,-0.2239817,0.7046442,-0.2247121,-0.6346757,0.18
0.6248772,1.386131,-0.374878,0.6248772,23.82112,-0.374878,-0.2248401,0.7035351,-0.224245,-0.6357669,0.18
0.6248772,1.386131,-0.374878,0.6248772,23.82112,-0.374878,-0.2248401,0.7035351,-0.224245,-0.6357669,0.18
0.6218212,1.385873,-0.3766125,0.6218212,23.82086,-0.3766125,-0.2254414,0.7023003,-0.2237758,-0.6370832,0.18
0.6189384,1.385764,-0.3784934,0.6189384,23.82076,-0.3784934,-0.2258554,0.700987,-0.2230014,-0.6386524,0.18
0.6158884,1.385764,-0.3803345,0.6158884,23.82076,-0.3803345,-0.2259364,0.6997697,-0.222315,-0.6401963,0.18
0.6099796,1.385847,-0.384292,0.6099796,23.82084,-0.384292,-0.2242413,0.6978056,-0.2214132,-0.6432413,0.18
0.6066468,1.386042,-0.3863822,0.6066468,23.82103,-0.3863822,-0.2223132,0.69705,-0.2214347,-0.6447208,0.18
0.6033354,1.386249,-0.3884667,0.6033354,23.82124,-0.3884667,-0.22024,0.6962634,-0.2210796,-0.6464019,0.18
0.6033354,1.386249,-0.3884667,0.6033354,23.82124,-0.3884667,-0.22024,0.6962634,-0.2210796,-0.6464019,0.18
0.5993145,1.386686,-0.3909444,0.5993145,23.82168,-0.3909444,-0.2179146,0.6953917,-0.2206141,-0.6482849,0.18
0.5962706,1.387382,-0.3926839,0.5962706,23.82237,-0.3926839,-0.2156972,0.6947829,-0.2198869,-0.6499242,0.18
0.5906627,1.388226,-0.395815,0.5906627,23.82322,-0.395815,-0.2119408,0.693824,-0.2175157,-0.652975,0.18
0.5864687,1.388859,-0.398548,0.5864687,23.82385,-0.398548,-0.2079883,0.693514,-0.2146799,-0.6555089,0.18
0.5814736,1.389053,-0.401368,0.5814736,23.82405,-0.401368,-0.2025875,0.6933644,-0.2105573,-0.6586879,0.18
0.5767064,1.389067,-0.4041132,0.5767064,23.82406,-0.4041132,-0.1981054,0.6931179,-0.207153,-0.6613846,0.18
0.5723736,1.389295,-0.4067894,0.5723736,23.82429,-0.4067894,-0.1955329,0.6921884,-0.2056359,-0.6635933,0.18
0.5678189,1.389875,-0.4095238,0.5678189,23.82487,-0.4095238,-0.1947691,0.6907952,-0.205279,-0.6653777,0.18
0.5632577,1.390377,-0.4122893,0.5632577,23.82537,-0.4122893,-0.1940435,0.6891943,-0.2045738,-0.6674638,0.18
0.5632577,1.390377,-0.4122893,0.5632577,23.82537,-0.4122893,-0.1940435,0.6891943,-0.2045738,-0.6674638,0.18
0.5632577,1.390377,-0.4122893,0.5632577,23.82537,-0.4122893,-0.1940435,0.6891943,-0.2045738,-0.6674638,0.18
0.5522072,1.391502,-0.4187838,0.5522072,23.82649,-0.4187838,-0.1903612,0.6863877,-0.1992561,-0.6730019,0.18
0.5421534,1.391943,-0.4244858,0.5421534,23.82693,-0.4244858,-0.1845874,0.6851758,-0.1908794,-0.6782526,0.18
0.536078,1.392122,-0.4278835,0.536078,23.82711,-0.4278835,-0.181458,0.6844212,-0.1863634,-0.6811088,0.18
0.536078,1.392122,-0.4278835,0.536078,23.82711,-0.4278835,-0.181458,0.6844212,-0.1863634,-0.6811088,0.18
0.5247386,1.392531,-0.4350065,0.5247386,23.82752,-0.4350065,-0.1780779,0.6818185,-0.1812148,-0.6859833,0.18
0.5192382,1.392759,-0.4385482,0.5192382,23.82775,-0.4385482,-0.1783553,0.6799538,-0.1808091,-0.6878666,0.18
0.5192382,1.392759,-0.4385482,0.5192382,23.82775,-0.4385482,-0.1783553,0.6799538,-0.1808091,-0.6878666,0.18
0.5137401,1.393193,-0.4421724,0.5137401,23.82788,-0.4421724,-0.1787396,0.6780602,-0.1807272,-0.6896552,0.18
0.503545,1.393991,-0.4488517,0.503545,23.82796,-0.4488517,-0.1798738,0.6751676,-0.1826055,-0.6917005,0.18
0.503545,1.393991,-0.4488517,0.503545,23.82656,-0.4488517,-0.1798738,0.6751676,-0.1826055,-0.6917005,0.18
0.49792,1.394005,-0.4524909,0.49792,23.82587,-0.4524909,-0.1794441,0.6741292,-0.1832761,-0.6926467,0.18
0.4923322,1.394269,-0.4563574,0.4923322,23.82528,-0.4563574,-0.1792894,0.6731753,-0.1849566,-0.6931677,0.18
0.4831381,1.395078,-0.4622566,0.4831381,23.82507,-0.4622566,-0.1786294,0.6719964,-0.1891689,-0.6933452,0.18
0.4781892,1.395573,-0.4655396,0.4781892,23.82427,-0.4655396,-0.1778824,0.6715781,-0.1908642,-0.6934779,0.18
0.4731934,1.396166,-0.4685794,0.4731934,23.82385,-0.4685794,-0.1766879,0.6714844,-0.1921337,-0.6935235,0.18
0.4681926,1.396894,-0.4717809,0.4681926,23.82361,-0.4717809,-0.1753464,0.6712795,-0.1929031,-0.6938486,0.18
0.4631751,1.397518,-0.4746746,0.4631751,23.82303,-0.4746746,-0.1743149,0.6711548,-0.1929229,-0.6942235,0.18
0.4582412,1.397978,-0.4774758,0.4582412,23.82229,-0.4774758,-0.1728244,0.6709921,-0.1929065,-0.6947579,0.18
0.4535933,1.398361,-0.480095,0.4535933,23.82148,-0.480095,-0.1712212,0.6708938,-0.1927723,-0.6952867,0.18
0.4489,1.398702,-0.4828361,0.4489,23.82059,-0.4828361,-0.1698785,0.6707711,-0.1927311,-0.6957459,0.18
0.4443188,1.399005,-0.4853774,0.4443188,23.81949,-0.4853774,-0.16867,0.6707392,-0.1929995,-0.6959961,0.18
0.4443188,1.399005,-0.4853774,0.4443188,23.81792,-0.4853774,-0.16867,0.6707392,-0.1929995,-0.6959961,0.18
0.4358244,1.399064,-0.4905232,0.4358244,23.81719,-0.4905232,-0.1680575,0.6702672,-0.1944371,-0.6961989,0.18
0.4358244,1.399064,-0.4905232,0.4358244,23.81473,-0.4905232,-0.1680575,0.6702672,-0.1944371,-0.6961989,0.18
0.4322407,1.398958,-0.4928542,0.4322407,23.81339,-0.4928542,-0.1688567,0.6696936,-0.1954172,-0.696283,0.18
0.426172,1.398505,-0.4971222,0.426172,23.81141,-0.4971222,-0.1717639,0.6678774,-0.1984536,-0.6964575,0.18
0.4232328,1.398343,-0.4991373,0.4232328,23.80861,-0.4991373,-0.1732727,0.6667541,-0.2004489,-0.6965888,0.18
0.4209499,1.39795,-0.5009733,0.4209499,23.80704,-0.5009733,-0.1751762,0.665711,-0.2026477,-0.6964741,0.18
0.4186277,1.397642,-0.5031363,0.4186277,23.80929,-0.5031363,-0.1767726,0.6646389,-0.2045554,-0.696537,0.18
0.4165497,1.397464,-0.5049981,0.4165497,23.81168,-0.5049981,-0.1788435,0.6635215,-0.2067905,-0.6964136,0.18
0.4146149,1.397402,-0.5070559,0.4146149,23.81438,-0.5070559,-0.181134,0.6623313,-0.2090572,-0.6962778,0.18
0.4127462,1.397344,-0.5090085,0.4127462,23.81717,-0.5090085,-0.183016,0.6613926,-0.2107493,-0.6961679,0.18
0.4112289,1.397305,-0.5105656,0.4112289,23.81999,-0.5105656,-0.1842431,0.6604381,-0.2116455,-0.6964784,0.18
0.4094558,1.397209,-0.5123152,0.4094558,23.82296,-0.5123152,-0.1849249,0.6596001,-0.2120601,-0.6969656,0.18
0.4079597,1.397109,-0.5141994,0.4079597,23.82607,-0.5141994,-0.1850684,0.6588716,-0.2115654,-0.6977665,0.18
0.4062374,1.397107,-0.5159436,0.4062374,23.82972,-0.5159436,-0.1851825,0.6581554,-0.2108056,-0.6986415,0.18
0.4048715,1.397045,-0.5175301,0.4048715,23.83397,-0.5175301,-0.1852567,0.6572878,-0.209975,-0.699688,0.18
0.4036486,1.397122,-0.5192708,0.4036486,23.83916,-0.5192708,-0.1856985,0.656267,-0.2099294,-0.7005423,0.18
0.4028869,1.397231,-0.5209833,0.4028869,23.84529,-0.5209833,-0.1862762,0.655201,-0.2103339,-0.701265,0.18
0.4023833,1.39765,-0.5226609,0.4023833,23.85189,-0.5226609,-0.1866077,0.6538118,-0.2112466,-0.7021984,0.18
0.401674,1.397768,-0.5243484,0.401674,23.85879,-0.5243484,-0.186524,0.6527339,-0.2116062,-0.7031146,0.18
0.4010131,1.397818,-0.5258766,0.4010131,23.86576,-0.5258766,-0.1858353,0.6516883,-0.2114022,-0.7043272,0.18
0.4005315,1.398027,-0.5274659,0.4005315,23.87321,-0.5274659,-0.1851817,0.6505047,-0.2115363,-0.7055522,0.18
0.4002836,1.398081,-0.5290073,0.4002836,23.88079,-0.5290073,-0.1846515,0.6492196,-0.2113572,-0.7069271,0.18
0.4002836,1.398081,-0.5290073,0.4002836,23.88857,-0.5290073,-0.1846515,0.6492196,-0.2113572,-0.7069271,0.18
0.40028,1.398267,-0.5319906,0.40028,23.89677,-0.5319906,-0.1834056,0.6465445,-0.2123341,-0.7094061,0.18
0.40028,1.398267,-0.5319906,0.40028,23.90497,-0.5319906,-0.1834056,0.6465445,-0.2123341,-0.7094061,0.18
0.4003224,1.398613,-0.5336069,0.4003224,23.91366,-0.5336069,-0.1835784,0.6448765,-0.2142368,-0.7103069,0.18
0.4005692,1.399241,-0.5359331,0.4005692,23.92275,-0.5359331,-0.183678,0.6428058,-0.2161038,-0.7115914,0.18
0.4005983,1.399566,-0.5370833,0.4005983,23.9316,-0.5370833,-0.1825106,0.6419332,-0.2165388,-0.7125466,0.18
0.4008877,1.399679,-0.5383042,0.4008877,23.94026,-0.5383042,-0.181151,0.6410788,-0.2171435,-0.7134781,0.18
0.4006987,1.400025,-0.5394903,0.4006987,23.94913,-0.5394903,-0.1805873,0.6398618,-0.2179402,-0.7144699,0.18
0.4008,1.400416,-0.5406119,0.4008,23.95798,-0.5406119,-0.1805291,0.6386743,-0.2185699,-0.7153541,0.18
0.4008,1.400416,-0.5406119,0.4008,23.96632,-0.5406119,-0.1805291,0.6386743,-0.2185699,-0.7153541,0.18
0.4006844,1.401523,-0.5425142,0.4006844,23.97563,-0.5425142,-0.1805008,0.6365757,-0.2184377,-0.7172697,0.18
0.400677,1.402191,-0.5436181,0.400677,23.98431,-0.5436181,-0.1800774,0.6358578,-0.2181433,-0.7181021,0.18
0.4004664,1.402833,-0.5444659,0.4004664,23.99273,-0.5444659,-0.1793544,0.6352376,-0.2175153,-0.7190219,0.18
0.400353,1.403363,-0.5451406,0.400353,24.00079,-0.5451406,-0.1780143,0.6352175,-0.216552,-0.7196631,0.18
0.400353,1.403363,-0.5451406,0.400353,24.00802,-0.5451406,-0.1780143,0.6352175,-0.216552,-0.7196631,0.18
0.3999116,1.404113,-0.5464979,0.3999116,24.0157,-0.5464979,-0.1754547,0.6345077,-0.2148807,-0.7214166,0.18
0.3999116,1.404113,-0.5464979,0.3999116,24.02229,-0.5464979,-0.1754547,0.6345077,-0.2148807,-0.7214166,0.18
0.3996372,1.404522,-0.5471054,0.3996372,24.02894,-0.5471054,-0.1746676,0.6341441,-0.2147689,-0.7219604,0.18
0.3992949,1.405042,-0.547788,0.3992949,24.03534,-0.547788,-0.1742376,0.6334782,-0.214775,-0.7226468,0.18
0.3986611,1.405865,-0.5485307,0.3986611,24.04167,-0.5485307,-0.1733469,0.6329185,-0.2146359,-0.7233924,0.18
0.3981156,1.406208,-0.5489749,0.3981156,24.04715,-0.5489749,-0.172629,0.6328022,-0.2144306,-0.7237266,0.18
0.3974102,1.406473,-0.5494081,0.3974102,24.05218,-0.5494081,-0.1718733,0.6326832,-0.2141644,-0.7240893,0.18
0.3967237,1.40665,-0.5496231,0.3967237,24.05675,-0.5496231,-0.1710765,0.6328226,-0.2141936,-0.7241475,0.18
0.3967237,1.40665,-0.5496231,0.3967237,24.06078,-0.5496231,-0.1710765,0.6328226,-0.2141936,-0.7241475,0.18
0.3967237,1.40665,-0.5496231,0.3967237,24.06446,-0.5496231,-0.1710765,0.6328226,-0.2141936,-0.7241475,0.18
0.3944101,1.40691,-0.5500051,0.3944101,24.06807,-0.5500051,-0.169666,0.6329974,-0.2153103,-0.7239954,0.18
0.3944101,1.40691,-0.5500051,0.3944101,24.07109,-0.5500051,-0.169666,0.6329974,-0.2153103,-0.7239954,0.18
0.3934467,1.406883,-0.5499095,0.3934467,24.07378,-0.5499095,-0.1693869,0.6332794,-0.2160292,-0.7235999,0.18
0.3916929,1.406817,-0.5496877,0.3916929,24.07615,-0.5496877,-0.1697177,0.6337744,-0.2178566,-0.7225403,0.18
0.3907278,1.406804,-0.5496246,0.3907278,24.07829,-0.5496246,-0.1699969,0.6342845,-0.2188112,-0.7217382,0.18
0.3895638,1.406669,-0.5494033,0.3895638,24.08007,-0.5494033,-0.170228,0.6351584,-0.2194634,-0.7207164,0.18
0.3884921,1.406582,-0.5491747,0.3884921,24.08167,-0.5491747,-0.1708365,0.6360496,-0.220328,-0.7195217,0.18
0.3874028,1.406591,-0.54889,0.3874028,24.08316,-0.54889,-0.1714904,0.6369302,-0.22104,-0.7183679,0.18
0.3864846,1.406544,-0.5486003,0.3864846,24.08439,-0.5486003,-0.1721102,0.6380122,-0.2213346,-0.7171678,0.18
0.3851974,1.406472,-0.5482472,0.3851974,24.08544,-0.5482472,-0.1723623,0.639092,-0.2212949,-0.7161573,0.18
0.3834004,1.406565,-0.5478216,0.3834004,24.08649,-0.5478216,-0.1727459,0.6406673,-0.2209821,-0.7147526,0.18
0.3822403,1.406726,-0.5475017,0.3822403,24.08672,-0.5475017,-0.1729228,0.6415595,-0.2206435,-0.7140137,0.18
0.3806679,1.406939,-0.5471269,0.3806679,24.08693,-0.5471269,-0.1732101,0.6429357,-0.2197475,-0.7129818,0.18
0.378875,1.40704,-0.5465499,0.378875,24.08703,-0.5465499,-0.1734153,0.6441874,-0.2183158,-0.7122415,0.18
0.3772218,1.407154,-0.5460488,0.3772218,24.08715,-0.5460488,-0.1740694,0.6451932,-0.2172946,-0.7114834,0.18
0.3736377,1.406802,-0.5445112,0.3736377,24.0868,-0.5445112,-0.1755957,0.6471467,-0.215329,-0.7099302,0.18
0.3736377,1.406802,-0.5445112,0.3736377,24.0868,-0.5445112,-0.1755957,0.6471467,-0.215329,-0.7099302,0.18
0.3705287,1.406696,-0.5429169,0.3705287,24.08669,-0.5429169,-0.1776106,0.6482965,-0.2151463,-0.7084337,0.18
0.3705287,1.406696,-0.5429169,0.3705287,24.08669,-0.5429169,-0.1776106,0.6482965,-0.2151463,-0.7084337,0.18
0.3688903,1.406551,-0.5420748,0.3688903,24.08654,-0.5420748,-0.1787119,0.6487908,-0.2156573,-0.7075483,0.18
0.3654892,1.406046,-0.5401314,0.3654892,24.08604,-0.5401314,-0.1805348,0.6498935,-0.2164218,-0.705838,0.18
0.3637931,1.405513,-0.539086,0.3637931,24.0855,-0.539086,-0.180562,0.6504306,-0.2160586,-0.7054476,0.18
0.3620214,1.404998,-0.5380279,0.3620214,24.08499,-0.5380279,-0.1809969,0.6507428,-0.2157144,-0.7051534,0.18
0.3601952,1.404296,-0.536961,0.3601952,24.08429,-0.536961,-0.1820527,0.6507867,-0.2152539,-0.7049817,0.18
0.3601952,1.404296,-0.536961,0.3601952,24.08429,-0.536961,-0.1820527,0.6507867,-0.2152539,-0.7049817,0.18
0.3584535,1.403838,-0.5359961,0.3584535,24.08383,-0.5359961,-0.183632,0.6506928,-0.215196,-0.7046766,0.18
0.3584535,1.403838,-0.5359961,0.3584535,24.08383,-0.5359961,-0.183632,0.6506928,-0.215196,-0.7046766,0.18
0.3547232,1.402716,-0.5336357,0.3547232,24.08271,-0.5336357,-0.1860317,0.6510377,-0.2144233,-0.7039637,0.18
0.3528962,1.40219,-0.5327066,0.3528962,24.08218,-0.5327066,-0.1862358,0.6516859,-0.2140787,-0.7034146,0.18
0.3509216,1.401569,-0.531684,0.3509216,24.08156,-0.531684,-0.1867464,0.6521961,-0.2141856,-0.7027735,0.18
0.3487048,1.401071,-0.5304338,0.3487048,24.08106,-0.5304338,-0.1876275,0.6528432,-0.2147386,-0.7017685,0.18
0.3467393,1.400769,-0.5293728,0.3467393,24.08076,-0.5293728,-0.1881806,0.6534205,-0.2156525,-0.7008023,0.18
0.3445449,1.400528,-0.5282217,0.3445449,24.08052,-0.5282217,-0.1886143,0.6540533,-0.2172764,-0.6995928,0.18
0.3417838,1.400542,-0.5270077,0.3417838,24.08053,-0.5270077,-0.1885011,0.6549738,-0.218901,-0.6982543,0.18
0.3389428,1.40045,-0.5256449,0.3389428,24.08044,-0.5256449,-0.1878444,0.6564474,-0.2195099,-0.6968549,0.18
0.3323815,1.400234,-0.5226294,0.3323815,24.08023,-0.5226294,-0.184539,0.6602487,-0.2178785,-0.6946554,0.18
0.3287907,1.399964,-0.5211507,0.3287907,24.07996,-0.5211507,-0.1833273,0.6622093,-0.2166691,-0.6934873,0.18
0.3254604,1.399668,-0.5197004,0.3254604,24.07966,-0.5197004,-0.1832538,0.6636929,-0.2156763,-0.692397,0.18
0.3254604,1.399668,-0.5197004,0.3254604,24.07966,-0.5197004,-0.1832538,0.6636929,-0.2156763,-0.692397,0.18
0.3221447,1.399453,-0.5183264,0.3221447,24.07944,-0.5183264,-0.1840879,0.6647902,-0.215592,-0.6911481,0.18
0.31863,1.399392,-0.5167571,0.31863,24.07939,-0.5167571,-0.1866147,0.665494,-0.2161836,-0.6896067,0.18
0.3151534,1.399372,-0.5153464,0.3151534,24.07936,-0.5153464,-0.1885255,0.6663995,-0.2165546,-0.6880946,0.18
0.3114977,1.399424,-0.5136758,0.3114977,24.07942,-0.5136758,-0.1917047,0.6675218,-0.2159506,-0.6863158,0.18
0.3078165,1.398734,-0.5120207,0.3078165,24.07873,-0.5120207,-0.1922513,0.6690271,-0.2144613,-0.6851632,0.18
0.3042526,1.397606,-0.5102004,0.3042526,24.0776,-0.5102004,-0.1917811,0.6708609,-0.2108988,-0.6846075,0.18
0.2981265,1.39546,-0.5067059,0.2981265,24.07545,-0.5067059,-0.1960375,0.6721901,-0.2082649,-0.6829023,0.18
0.2946849,1.394874,-0.5049621,0.2946849,24.07487,-0.5049621,-0.2011785,0.6713911,-0.2089914,-0.6819707,0.18
0.2946849,1.394874,-0.5049621,0.2946849,24.07487,-0.5049621,-0.2011785,0.6713911,-0.2089914,-0.6819707,0.18
0.2915297,1.394521,-0.5031756,0.2915297,24.07451,-0.5031756,-0.2050667,0.6713244,-0.2096164,-0.6806851,0.18
0.283118,1.393977,-0.4993602,0.283118,24.07397,-0.4993602,-0.2063917,0.6735668,-0.2068484,-0.678914,0.18
0.283118,1.393977,-0.4993602,0.283118,24.07397,-0.4993602,-0.2063917,0.6735668,-0.2068484,-0.678914,0.18
0.2787323,1.393101,-0.4974211,0.2787323,24.07309,-0.4974211,-0.2027196,0.6763589,-0.2022516,-0.6786294,0.18
0.2733469,1.391702,-0.495077,0.2733469,24.07166,-0.495077,-0.1989044,0.6793528,-0.1972968,-0.6782262,0.18
0.2733469,1.391702,-0.495077,0.2733469,24.072,-0.495077,-0.1989044,0.6793528,-0.1972968,-0.6782262,0.18
0.2650249,1.39022,-0.4913319,0.2650249,24.07068,-0.4913319,-0.1950791,0.6824736,-0.1943356,-0.6770582,0.18
0.2594361,1.389709,-0.4888741,0.2594361,24.07057,-0.4888741,-0.1934592,0.6845284,-0.194568,-0.6753798,0.18
0.2547174,1.389495,-0.4867584,0.2547174,24.07037,-0.4867584,-0.1919108,0.686081,-0.1943462,-0.6743091,0.18
0.2547174,1.389495,-0.4867584,0.2547174,24.0702,-0.4867584,-0.1919108,0.686081,-0.1943462,-0.6743091,0.18
0.2389994,1.387571,-0.4800144,0.2389994,24.06819,-0.4800144,-0.183148,0.6935427,-0.1894854,-0.6704855,0.18
0.2335532,1.386418,-0.4775087,0.2335532,24.06686,-0.4775087,-0.1804477,0.6959254,-0.1877227,-0.6692434,0.18
0.2282031,1.385198,-0.4749144,0.2282031,24.06581,-0.4749144,-0.1789661,0.6978745,-0.1869771,-0.6678187,0.18
0.2282031,1.385198,-0.4749144,0.2282031,24.06609,-0.4749144,-0.1789661,0.6978745,-0.1869771,-0.6678187,0.18
0.223146,1.384013,-0.4722344,0.223146,24.06506,-0.4722344,-0.1789572,0.6995074,-0.1867255,-0.6661812,0.18
0.2183793,1.383154,-0.4696904,0.2183793,24.06473,-0.4696904,-0.1799451,0.7006779,-0.1867972,-0.6646631,0.18
0.2133129,1.382074,-0.4668447,0.2133129,24.06423,-0.4668447,-0.1826509,0.7013479,-0.1865109,-0.6632975,0.18
0.2088926,1.381285,-0.464156,0.2088926,24.06416,-0.464156,-0.1864986,0.7014745,-0.1869173,-0.6619771,0.18
0.2043426,1.381384,-0.4613796,0.2043426,24.06502,-0.4613796,-0.1924377,0.7008319,-0.1902102,-0.6600171,0.18
0.1991484,1.383759,-0.4586395,0.1991484,24.06824,-0.4586395,-0.2023115,0.6987932,-0.1984214,-0.6568007,0.18
0.1941669,1.386836,-0.4556397,0.1941669,24.07256,-0.4556397,-0.2097298,0.6978048,-0.205951,-0.6531968,0.18
0.1891448,1.389543,-0.4523209,0.1891448,24.07698,-0.4523209,-0.2128336,0.6981446,-0.2111079,-0.6501765,0.18
0.1830761,1.390822,-0.4488798,0.1830761,24.0803,-0.4488798,-0.2110304,0.699766,-0.2098147,-0.6494394,0.18
0.1781676,1.391515,-0.4464034,0.1781676,24.08337,-0.4464034,-0.2063126,0.7017077,-0.2042712,-0.6506264,0.18
0.1720831,1.39285,-0.4434773,0.1720831,24.0868,-0.4434773,-0.2033635,0.7037063,-0.196977,-0.6516448,0.18
0.1656508,1.394283,-0.4406651,0.1656508,24.09055,-0.4406651,-0.1997506,0.7054953,-0.1878247,-0.6535273,0.18
0.1596107,1.395774,-0.4375333,0.1596107,24.09459,-0.4375333,-0.1974439,0.7060677,-0.1832046,-0.6549202,0.18
0.153939,1.397153,-0.4340836,0.153939,24.09875,-0.4340836,-0.1978045,0.7055939,-0.1825272,-0.6555108,0.18
0.1456637,1.398966,-0.4292928,0.1456637,24.10361,-0.4292928,-0.2009267,0.7045777,-0.1809943,-0.6560791,0.18
0.1410966,1.399893,-0.4265429,0.1410966,24.10784,-0.4265429,-0.2023511,0.7041141,-0.1812026,-0.6560815,0.18
0.1410966,1.399893,-0.4265429,0.1410966,24.1114,-0.4265429,-0.2023511,0.7041141,-0.1812026,-0.6560815,0.18
0.1363788,1.400648,-0.4239224,0.1363788,24.116,-0.4239224,-0.2021174,0.7041767,-0.181103,-0.6561139,0.18
0.1305077,1.401325,-0.4206496,0.1305077,24.12079,-0.4206496,-0.1998509,0.7050093,-0.1802239,-0.6561561,0.18
0.1305077,1.401325,-0.4206496,0.1305077,24.12517,-0.4206496,-0.1998509,0.7050093,-0.1802239,-0.6561561,0.18
0.1204126,1.402008,-0.4152681,0.1204126,24.13051,-0.4152681,-0.1951066,0.7062056,-0.1778976,-0.6569319,0.18
0.1161549,1.402311,-0.412881,0.1161549,24.13574,-0.412881,-0.1942658,0.7064435,-0.1778592,-0.6569357,0.18
0.1109648,1.402432,-0.4101208,0.1109648,24.14104,-0.4101208,-0.1943295,0.7065375,-0.1779387,-0.6567943,0.18
0.1065385,1.402555,-0.407636,0.1065385,24.14659,-0.407636,-0.1959517,0.7062694,-0.179112,-0.6562814,0.18
0.09939671,1.402843,-0.4032356,0.09939671,24.15253,-0.4032356,-0.1995948,0.7056227,-0.1832768,-0.6547275,0.18
0.09543824,1.402916,-0.4009515,0.09543824,24.15848,-0.4009515,-0.2005623,0.7055972,-0.1851574,-0.6539298,0.18
0.09543824,1.402916,-0.4009515,0.09543824,24.16456,-0.4009515,-0.2005623,0.7055972,-0.1851574,-0.6539298,0.18
0.09146118,1.402983,-0.3985935,0.09146118,24.17088,-0.3985935,-0.2009131,0.7058113,-0.1866438,-0.6531681,0.18
0.08755779,1.403114,-0.3961631,0.08755779,24.17741,-0.3961631,-0.2009274,0.7062634,-0.187292,-0.6524889,0.18
0.08361554,1.403251,-0.3939451,0.08361554,24.18409,-0.3939451,-0.2007812,0.7068405,-0.1872921,-0.6519089,0.18
0.07936025,1.403423,-0.3915147,0.07936025,24.1909,-0.3915147,-0.200952,0.7074612,-0.1869734,-0.6512741,0.18
0.07556319,1.403538,-0.3893584,0.07556319,24.19773,-0.3893584,-0.201256,0.7077871,-0.1867429,-0.6508921,0.18
0.07180905,1.403477,-0.387127,0.07180905,24.20442,-0.387127,-0.2016767,0.70823,-0.1864766,-0.6503564,0.18
0.06835651,1.403523,-0.3852235,0.06835651,24.21124,-0.3852235,-0.2020251,0.7088077,-0.1864513,-0.6496257,0.18
0.06522036,1.403504,-0.3831578,0.06522036,24.21798,-0.3831578,-0.2024205,0.7091436,-0.1863009,-0.6491789,0.18
0.06206608,1.403434,-0.3812457,0.06206608,24.22462,-0.3812457,-0.2027448,0.7097141,-0.1862115,-0.6484795,0.18
0.0591588,1.403337,-0.3793324,0.0591588,24.23117,-0.3793324,-0.2035106,0.7103161,-0.1858709,-0.6476778,0.18
0.05635047,1.403224,-0.3774554,0.05635047,24.23759,-0.3774554,-0.2041128,0.7106527,-0.1852959,-0.6472837,0.18
0.05388618,1.403161,-0.3757881,0.05388618,24.24393,-0.3757881,-0.2050198,0.7111101,-0.1848771,-0.6466143,0.18
0.05056715,1.403148,-0.3734161,0.05056715,24.25018,-0.3734161,-0.2065755,0.7115642,-0.1843183,-0.6457784,0.18
0.04866886,1.403151,-0.3719982,0.04866886,24.25625,-0.3719982,-0.2076142,0.7115436,-0.1841362,-0.64552,0.18
0.0461812,1.40302,-0.370123,0.0461812,24.262,-0.370123,-0.2089551,0.7115669,-0.1838259,-0.6451499,0.18
0.04443693,1.403023,-0.3687004,0.04443693,24.26766,-0.3687004,-0.2094561,0.7117837,-0.1834632,-0.6448514,0.18
0.04214501,1.402914,-0.3668894,0.04214501,24.27298,-0.3668894,-0.2100202,0.7118332,-0.1830893,-0.6447196,0.18
0.04062891,1.40282,-0.365676,0.04062891,24.27806,-0.365676,-0.2099672,0.7121305,-0.1825528,-0.6445607,0.18
0.03741002,1.402667,-0.3626944,0.03741002,24.28283,-0.3626944,-0.20897,0.713078,-0.1812114,-0.6442157,0.18
0.03741002,1.402667,-0.3626944,0.03741002,24.28749,-0.3626944,-0.20897,0.713078,-0.1812114,-0.6442157,0.18
0.03461528,1.402532,-0.3599404,0.03461528,24.29174,-0.3599404,-0.2073376,0.7135289,-0.1807432,-0.6443753,0.18
0.03461528,1.402532,-0.3599404,0.03461528,24.29585,-0.3599404,-0.2073376,0.7135289,-0.1807432,-0.6443753,0.18
0.03325081,1.402467,-0.3587998,0.03325081,24.29962,-0.3587998,-0.2068688,0.7136165,-0.1808351,-0.6444033,0.18
0.03233719,1.402338,-0.3576597,0.03233719,24.30306,-0.3576597,-0.2067629,0.7135947,-0.1812897,-0.6443337,0.18
0.03127313,1.402227,-0.3563174,0.03127313,24.30625,-0.3563174,-0.2068511,0.7136089,-0.1818977,-0.6441182,0.18
0.03055859,1.402181,-0.3555204,0.03055859,24.30925,-0.3555204,-0.2071777,0.7135828,-0.1826956,-0.6438162,0.18
0.02993727,1.402247,-0.3548001,0.02993727,24.3121,-0.3548001,-0.2076983,0.713443,-0.1838449,-0.6434762,0.18
0.02924562,1.402412,-0.3537854,0.02924562,24.31481,-0.3537854,-0.2084933,0.7133102,-0.1850724,-0.6430143,0.18
0.0288372,1.402663,-0.3528961,0.0288372,24.31738,-0.3528961,-0.2086729,0.7132219,-0.1859479,-0.6428014,0.18
0.02763867,1.403471,-0.351271,0.02763867,24.32028,-0.351271,-0.2085666,0.7133154,-0.1867974,-0.6424856,0.18
0.02703547,1.403942,-0.3504456,0.02703547,24.32264,-0.3504456,-0.2082974,0.7134576,-0.1871307,-0.6423181,0.18
0.02660728,1.404733,-0.3499068,0.02660728,24.32513,-0.3499068,-0.2080049,0.7134901,-0.1876342,-0.6422299,0.18
0.02591157,1.405386,-0.3491477,0.02591157,24.32729,-0.3491477,-0.2075883,0.7136368,-0.187675,-0.6421898,0.18
0.02543664,1.406147,-0.3483552,0.02543664,24.3294,-0.3483552,-0.2068124,0.7139267,-0.187668,-0.64212,0.18
0.02461386,1.406829,-0.3477679,0.02461386,24.33127,-0.3477679,-0.2062372,0.7139056,-0.1873812,-0.6424121,0.18
0.02363706,1.407859,-0.3471075,0.02363706,24.33335,-0.3471075,-0.2069314,0.7137439,-0.187363,-0.6423739,0.18
0.02257466,1.408597,-0.3466421,0.02257466,24.335,-0.3466421,-0.2055678,0.7138067,-0.1862496,-0.6430652,0.18
0.02142286,1.409017,-0.3460511,0.02142286,24.33623,-0.3460511,-0.2041,0.7139181,-0.1849088,-0.6437957,0.18
0.02019262,1.409774,-0.3454353,0.02019262,24.33768,-0.3454353,-0.2035803,0.714137,-0.184409,-0.6438609,0.18
0.01905537,1.41041,-0.3449277,0.01905537,24.33892,-0.3449277,-0.2032732,0.7138996,-0.1836144,-0.644448,0.18
0.01757216,1.410731,-0.3446685,0.01757216,24.33977,-0.3446685,-0.2023872,0.7136899,-0.1815117,-0.6455538,0.18
0.01600552,1.410859,-0.3442386,0.01600552,24.34034,-0.3442386,-0.2004064,0.7140415,-0.1801133,-0.6461744,0.18
0.01419282,1.410902,-0.3438169,0.01419282,24.34077,-0.3438169,-0.1984672,0.7142863,-0.1797965,-0.6465904,0.18
0.01258278,1.410904,-0.34346,0.01258278,24.3409,-0.34346,-0.1977829,0.7141708,-0.1800818,-0.6468483,0.18
0.0111258,1.410608,-0.3432733,0.0111258,24.3406,-0.3432733,-0.1977883,0.7140236,-0.1805176,-0.6468875,0.18
0.009618998,1.410367,-0.3429843,0.009618998,24.34036,-0.3429843,-0.1987339,0.7135911,-0.1811401,-0.646901,0.18
0.009618998,1.410367,-0.3429843,0.009618998,24.34036,-0.3429843,-0.1987339,0.7135911,-0.1811401,-0.646901,0.18
0.006630182,1.409847,-0.342677,0.006630182,24.33984,-0.342677,-0.2006871,0.7125418,-0.1827428,-0.6470039,0.18
0.004828215,1.409576,-0.3426732,0.004828215,24.33957,-0.3426732,-0.2011549,0.7121273,-0.183208,-0.6471834,0.18
0.004828215,1.409576,-0.3426732,0.004828215,24.33957,-0.3426732,-0.2011549,0.7121273,-0.183208,-0.6471834,0.18
0.003240824,1.409421,-0.3426856,0.003240824,24.33941,-0.3426856,-0.2012019,0.7119504,-0.183611,-0.6472493,0.18
-6.222725E-05,1.409024,-0.342307,-6.222725E-05,24.33902,-0.342307,-0.2012314,0.711495,-0.1840244,-0.6476232,0.18
-0.001759529,1.40881,-0.3422908,-0.001759529,24.3388,-0.3422908,-0.2014475,0.7110534,-0.1843475,-0.6479492,0.18
-0.003347158,1.408692,-0.3423663,-0.003347158,24.33868,-0.3423663,-0.2019106,0.7107074,-0.1848349,-0.6480457,0.18
-0.005105019,1.408786,-0.342471,-0.005105019,24.33878,-0.342471,-0.203117,0.710058,-0.1854833,-0.6481952,0.18
-0.006779432,1.408907,-0.342451,-0.006779432,24.3389,-0.342451,-0.2038873,0.7096212,-0.1859499,-0.6482981,0.18
-0.008453369,1.409098,-0.3426424,-0.008453369,24.33909,-0.3426424,-0.2039802,0.7090107,-0.1860032,-0.6489212,0.18
-0.01008511,1.409289,-0.3426827,-0.01008511,24.33928,-0.3426827,-0.2033832,0.7085544,-0.1855885,-0.6497253,0.18
-0.01180339,1.409645,-0.3428994,-0.01180339,24.33964,-0.3428994,-0.2023161,0.7080445,-0.1852503,-0.65071,0.18
-0.01358604,1.409916,-0.3430761,-0.01358604,24.33991,-0.3430761,-0.201348,0.7075004,-0.1849303,-0.6516924,0.18
-0.01555014,1.410334,-0.3433481,-0.01555014,24.34033,-0.3433481,-0.2003984,0.706549,-0.1845059,-0.653136,0.18
-0.01770878,1.41069,-0.3433703,-0.01770878,24.34068,-0.3433703,-0.1999298,0.7055937,-0.1841072,-0.6544236,0.18
-0.0199666,1.411189,-0.343629,-0.0199666,24.34118,-0.343629,-0.1992431,0.7044222,-0.1827652,-0.6562685,0.18
-0.02250075,1.411517,-0.3440052,-0.02250075,24.34151,-0.3440052,-0.197887,0.7033809,-0.1810652,-0.658264,0.18
-0.02481675,1.411777,-0.3443986,-0.02481675,24.34177,-0.3443986,-0.196639,0.702441,-0.1796922,-0.6600155,0.18
-0.02738905,1.411898,-0.3447825,-0.02738905,24.34189,-0.3447825,-0.1950309,0.7016799,-0.177784,-0.6618165,0.18
-0.02974248,1.411873,-0.345214,-0.02974248,24.34187,-0.345214,-0.1935588,0.700864,-0.1763765,-0.6634878,0.18
-0.02974248,1.411873,-0.345214,-0.02974248,24.34187,-0.345214,-0.1935588,0.700864,-0.1763765,-0.6634878,0.18
-0.03220463,1.411772,-0.3458959,-0.03220463,24.34176,-0.3458959,-0.1916126,0.7001083,-0.1753903,-0.6651101,0.18
-0.03220463,1.411772,-0.3458959,-0.03220463,24.34176,-0.3458959,-0.1916126,0.7001083,-0.1753903,-0.6651101,0.18
-0.03725004,1.410826,-0.3470877,-0.03725004,24.34082,-0.3470877,-0.188157,0.6983453,-0.1739005,-0.6683334,0.18
-0.04259515,1.409716,-0.3484212,-0.04259515,24.33971,-0.3484212,-0.1871292,0.6962429,-0.1739491,-0.6707982,0.18
-0.04259515,1.409716,-0.3484212,-0.04259515,24.33971,-0.3484212,-0.1871292,0.6962429,-0.1739491,-0.6707982,0.18
-0.04551601,1.408764,-0.3493329,-0.04551601,24.33876,-0.3493329,-0.1862208,0.6951693,-0.1736237,-0.6722472,0.18
-0.05128002,1.40676,-0.3511485,-0.05128002,24.33675,-0.3511485,-0.1857909,0.6924999,-0.1738005,-0.6750697,0.18
-0.05394936,1.406106,-0.3520252,-0.05394936,24.3361,-0.3520252,-0.1864083,0.6909159,-0.1742633,-0.6764019,0.18
-0.05702043,1.405593,-0.3532292,-0.05702043,24.33559,-0.3532292,-0.1872978,0.6889877,-0.1747719,-0.6779899,0.18
-0.06024384,1.405277,-0.3543023,-0.06024384,24.33527,-0.3543023,-0.1876703,0.687337,-0.1748912,-0.6795299,0.18
-0.06371427,1.405079,-0.3556169,-0.06371427,24.33507,-0.3556169,-0.1877066,0.6857325,-0.174444,-0.6812536,0.18
-0.06712151,1.40475,-0.357021,-0.06712151,24.33474,-0.357021,-0.1869976,0.6842381,-0.1734318,-0.6832068,0.18
-0.0708015,1.404375,-0.3584925,-0.0708015,24.33437,-0.3584925,-0.1858806,0.6828089,-0.1716121,-0.6853975,0.18
-0.07455921,1.403946,-0.3601018,-0.07455921,24.33394,-0.3601018,-0.1849464,0.6811938,-0.1705824,-0.6875111,0.18
-0.07806039,1.403829,-0.3618461,-0.07806039,24.33382,-0.3618461,-0.1851266,0.6795247,-0.1705062,-0.6891314,0.18
-0.07806039,1.403829,-0.3618461,-0.07806039,24.33382,-0.3618461,-0.1851266,0.6795247,-0.1705062,-0.6891314,0.18
-0.08575678,1.403892,-0.3656181,-0.08575678,24.33389,-0.3656181,-0.1851511,0.675733,-0.1703691,-0.692877,0.18
-0.08962417,1.403977,-0.3677419,-0.08962417,24.33397,-0.3677419,-0.1843152,0.6739027,-0.1696317,-0.6950599,0.18
-0.09356952,1.403902,-0.3697006,-0.09356952,24.33389,-0.3697006,-0.1831247,0.6721233,-0.1686327,-0.6973369,0.18
-0.09750319,1.403781,-0.3719412,-0.09750319,24.33377,-0.3719412,-0.1819941,0.6704212,-0.1679853,-0.6994244,0.18
-0.1012619,1.403721,-0.3742386,-0.1012619,24.33371,-0.3742386,-0.1810991,0.668525,-0.1682786,-0.7013985,0.18
-0.1050718,1.403827,-0.3766438,-0.1050718,24.33382,-0.3766438,-0.1807107,0.6666268,-0.1686396,-0.7032162,0.18
-0.1091084,1.403608,-0.3791932,-0.1091084,24.3336,-0.3791932,-0.179831,0.6644171,-0.1687133,-0.7055116,0.18
-0.1128993,1.40367,-0.3817493,-0.1128993,24.33366,-0.3817493,-0.1790329,0.6622673,-0.168492,-0.7077851,0.18
-0.1128993,1.40367,-0.3817493,-0.1128993,24.33366,-0.3817493,-0.1790329,0.6622673,-0.168492,-0.7077851,0.18
-0.1206717,1.404377,-0.3870944,-0.1206717,24.33437,-0.3870944,-0.1773667,0.6580409,-0.1690195,-0.7120082,0.18
-0.1245856,1.405075,-0.3902208,-0.1245856,24.33368,-0.3902208,-0.1766119,0.6560445,-0.1701952,-0.7137558,0.18
-0.1286402,1.406225,-0.3930222,-0.1286402,24.33331,-0.3930222,-0.1764413,0.6538782,-0.1721869,-0.7153066,0.18
-0.1286402,1.406225,-0.3930222,-0.1286402,24.33179,-0.3930222,-0.1764413,0.6538782,-0.1721869,-0.7153066,0.18
-0.1335778,1.408188,-0.3969954,-0.1335778,24.333,-0.3969954,-0.1769112,0.6513187,-0.1748507,-0.7168778,0.18
-0.1335778,1.408188,-0.3969954,-0.1335778,24.33128,-0.3969954,-0.1769112,0.6513187,-0.1748507,-0.7168778,0.18
-0.1402109,1.410849,-0.4024471,-0.1402109,24.33308,-0.4024471,-0.1745592,0.6490358,-0.1758812,-0.7192687,0.18
-0.1440535,1.412054,-0.4057485,-0.1440535,24.33198,-0.4057485,-0.171685,0.6487512,-0.1747265,-0.7204976,0.18
-0.1478484,1.412568,-0.4090263,-0.1478484,24.32989,-0.4090263,-0.1670039,0.6487288,-0.1730642,-0.7220176,0.18
-0.1503601,1.413368,-0.4112071,-0.1503601,24.3283,-0.4112071,-0.1657047,0.6490017,-0.1739363,-0.7218622,0.18
-0.1538119,1.414959,-0.4147118,-0.1538119,24.32798,-0.4147118,-0.1674155,0.6478853,-0.1770153,-0.7217218,0.18
-0.1565664,1.41643,-0.417807,-0.1565664,24.32738,-0.417807,-0.169663,0.6468271,-0.1794063,-0.7215557,0.18
-0.1594892,1.417489,-0.4207839,-0.1594892,24.32644,-0.4207839,-0.1699429,0.6461096,-0.1795873,-0.7220874,0.18
-0.1626248,1.417991,-0.4236592,-0.1626248,24.3248,-0.4236592,-0.1677416,0.6464542,-0.1788338,-0.7224806,0.18
-0.1656718,1.418638,-0.4265658,-0.1656718,24.32335,-0.4265658,-0.1653704,0.6469949,-0.1776809,-0.7228276,0.18
-0.1688581,1.419294,-0.4294564,-0.1688581,24.32199,-0.4294564,-0.1623609,0.6480812,-0.1758106,-0.722994,0.18
-0.1719084,1.419982,-0.4322826,-0.1719084,24.3211,-0.4322826,-0.1588473,0.6490771,-0.1737543,-0.7233782,0.18
-0.1751711,1.420462,-0.4351104,-0.1751711,24.32268,-0.4351104,-0.155429,0.6500646,-0.1709217,-0.7239086,0.18
-0.1790614,1.420998,-0.4381016,-0.1790614,24.32458,-0.4381016,-0.1524028,0.6508662,-0.1683307,-0.7244387,0.18
-0.1821582,1.421217,-0.4407853,-0.1821582,24.32633,-0.4407853,-0.1505537,0.6511822,-0.1661951,-0.7250342,0.18
-0.1849833,1.421407,-0.4436852,-0.1849833,24.32805,-0.4436852,-0.1502198,0.6511492,-0.1647464,-0.7254636,0.18
-0.1877632,1.421701,-0.446468,-0.1877632,24.33005,-0.446468,-0.1503432,0.6510468,-0.1636379,-0.7257808,0.18
-0.1901267,1.421812,-0.4490966,-0.1901267,24.33205,-0.4490966,-0.1514834,0.6509779,-0.1631556,-0.7257141,0.18
-0.1926279,1.421898,-0.4518861,-0.1926279,24.33422,-0.4518861,-0.1516685,0.6509577,-0.1626676,-0.7258031,0.18
-0.1951473,1.421947,-0.4543697,-0.1951473,24.33647,-0.4543697,-0.1511526,0.6512852,-0.1624246,-0.7256713,0.18
-0.1976364,1.42194,-0.4567665,-0.1976364,24.33916,-0.4567665,-0.1503271,0.6514677,-0.1625468,-0.7256516,0.18
-0.1998472,1.421994,-0.4591194,-0.1998472,24.342,-0.4591194,-0.1493641,0.6515444,-0.1635468,-0.7255569,0.18
-0.1998472,1.421994,-0.4591194,-0.1998472,24.34516,-0.4591194,-0.1493641,0.6515444,-0.1635468,-0.7255569,0.18
-0.2044725,1.422296,-0.4636935,-0.2044725,24.34704,-0.4636935,-0.149009,0.6507581,-0.1665249,-0.7256581,0.18
-0.2065754,1.422464,-0.4658471,-0.2065754,24.35181,-0.4658471,-0.1492956,0.6500413,-0.167864,-0.725933,0.18
-0.2065754,1.422464,-0.4658471,-0.2065754,24.35633,-0.4658471,-0.1492956,0.6500413,-0.167864,-0.725933,0.18
-0.2111452,1.423265,-0.4698082,-0.2111452,24.35939,-0.4698082,-0.1494482,0.6488994,-0.1690499,-0.7266477,0.18
-0.2135291,1.423578,-0.4717733,-0.2135291,24.60357,-0.4717733,-0.1489942,0.6486673,-0.1690558,-0.7269467,0.18
-0.216095,1.423965,-0.4734877,-0.216095,24.60396,-0.4734877,-0.1479038,0.6485769,-0.1689472,-0.7272753,0.18
-0.2187045,1.424238,-0.4752275,-0.2187045,24.60423,-0.4752275,-0.1465432,0.6486251,-0.1684266,-0.7276284,0.18
-0.2212439,1.424221,-0.4768254,-0.2212439,24.60421,-0.4768254,-0.1451708,0.6488762,-0.1673302,-0.7279325,0.18
-0.2236121,1.424165,-0.4783667,-0.2236121,24.60416,-0.4783667,-0.1445172,0.6485949,-0.1667473,-0.7284468,0.18
-0.2259612,1.423904,-0.4799761,-0.2259612,24.6039,-0.4799761,-0.1449939,0.6480765,-0.166844,-0.7287913,0.18
-0.2279038,1.423607,-0.4813157,-0.2279038,24.6036,-0.4813157,-0.147035,0.6471547,-0.1677937,-0.7289834,0.18
-0.2294481,1.423332,-0.4825572,-0.2294481,24.60332,-0.4825572,-0.1493162,0.646094,-0.1690201,-0.7291774,0.18
-0.2309678,1.423049,-0.4838914,-0.2309678,24.60304,-0.4838914,-0.1523791,0.6448296,-0.1705931,-0.7292966,0.18
-0.2324827,1.422713,-0.4852799,-0.2324827,24.60271,-0.4852799,-0.1548476,0.6436721,-0.1720048,-0.7294675,0.18
-0.2338898,1.42245,-0.4864258,-0.2338898,24.60244,-0.4864258,-0.1575561,0.6426129,-0.1736577,-0.7294298,0.18
-0.2354755,1.422189,-0.4875418,-0.2354755,24.60218,-0.4875418,-0.159642,0.6416516,-0.1754221,-0.7294003,0.18
-0.2368245,1.421899,-0.4884847,-0.2368245,24.60189,-0.4884847,-0.161387,0.6407751,-0.1770876,-0.7293844,0.18
-0.2382104,1.4217,-0.4893504,-0.2382104,24.60169,-0.4893504,-0.1628249,0.6399641,-0.1788009,-0.7293589,0.18
-0.2396066,1.421407,-0.4902054,-0.2396066,24.6014,-0.4902054,-0.1637517,0.639186,-0.1809072,-0.7293143,0.18
-0.2411652,1.421406,-0.4904636,-0.2411652,24.6014,-0.4904636,-0.1640406,0.6386409,-0.1824605,-0.72934,0.18
-0.2425952,1.421315,-0.4911681,-0.2425952,24.60131,-0.4911681,-0.1636521,0.6383022,-0.1833355,-0.7295043,0.18
-0.244123,1.421144,-0.4916826,-0.244123,24.60114,-0.4916826,-0.1624314,0.6383274,-0.1832674,-0.729772,0.18
-0.2457459,1.420939,-0.4921683,-0.2457459,24.60093,-0.4921683,-0.1605818,0.6385338,-0.1822088,-0.7302658,0.18
-0.247329,1.420461,-0.4926637,-0.247329,24.60045,-0.4926637,-0.157942,0.6389738,-0.1801933,-0.7309564,0.18
-0.2490358,1.420331,-0.4932262,-0.2490358,24.60032,-0.4932262,-0.1567276,0.6387264,-0.1792825,-0.7316577,0.18
-0.2507455,1.420258,-0.493688,-0.2507455,24.60025,-0.493688,-0.1571327,0.6381443,-0.1784678,-0.7322776,0.18
-0.2507455,1.420258,-0.493688,-0.2507455,24.60025,-0.493688,-0.1571327,0.6381443,-0.1784678,-0.7322776,0.18
-0.2540131,1.419952,-0.4944965,-0.2540131,24.59995,-0.4944965,-0.1604735,0.6360543,-0.1784748,-0.733369,0.18
-0.2553754,1.419683,-0.494866,-0.2553754,24.59968,-0.494866,-0.1621552,0.6348471,-0.1794502,-0.733807,0.18
-0.2565911,1.419427,-0.4950532,-0.2565911,24.59942,-0.4950532,-0.1633198,0.6340325,-0.1805386,-0.7339858,0.18
-0.2581553,1.419049,-0.495149,-0.2581553,24.59904,-0.495149,-0.1643743,0.6332552,-0.1816004,-0.7341596,0.18
-0.2596142,1.418784,-0.4954094,-0.2596142,24.59878,-0.4954094,-0.1652075,0.6324406,-0.1826241,-0.7344207,0.18
-0.2611082,1.418709,-0.4953934,-0.2611082,24.5987,-0.4953934,-0.1665548,0.6313626,-0.1843766,-0.7346061,0.18
-0.2626154,1.418613,-0.4955121,-0.2626154,24.59861,-0.4955121,-0.1679432,0.6300053,-0.1863973,-0.7349453,0.18
-0.2637849,1.418522,-0.495854,-0.2637849,24.59851,-0.495854,-0.1697947,0.6286156,-0.1886033,-0.7351469,0.18
-0.2652442,1.418564,-0.495689,-0.2652442,24.59856,-0.495689,-0.1714316,0.6273223,-0.1908877,-0.7352822,0.18
-0.2665799,1.41865,-0.4957467,-0.2665799,24.59864,-0.4957467,-0.1727171,0.6264308,-0.1924715,-0.7353286,0.18
-0.2678845,1.418662,-0.4960412,-0.2678845,24.59865,-0.4960412,-0.1736024,0.6256864,-0.1938434,-0.7353935,0.18
-0.2694924,1.418832,-0.4959627,-0.2694924,24.59882,-0.4959627,-0.173929,0.6253204,-0.1947981,-0.7353753,0.18
-0.2712035,1.419194,-0.4959036,-0.2712035,24.59919,-0.4959036,-0.173276,0.625347,-0.195079,-0.7354324,0.18
-0.2728906,1.419417,-0.4960197,-0.2728906,24.59941,-0.4960197,-0.1721074,0.6255098,-0.1948177,-0.7356376,0.18
-0.2747908,1.419688,-0.4958986,-0.2747908,24.59968,-0.4958986,-0.1704043,0.6261173,-0.1937523,-0.7357987,0.18
-0.2769425,1.419825,-0.4958142,-0.2769425,24.59982,-0.4958142,-0.1692627,0.6263721,-0.1928732,-0.7360761,0.18
-0.2787442,1.420116,-0.4957846,-0.2787442,24.60011,-0.4957846,-0.1684951,0.6269613,-0.1919754,-0.7359854,0.18
-0.2807286,1.420381,-0.4954928,-0.2807286,24.60037,-0.4954928,-0.1678936,0.6276009,-0.1910866,-0.735809,0.18
-0.2825823,1.420566,-0.4953374,-0.2825823,24.60056,-0.4953374,-0.1674285,0.6282073,-0.1904904,-0.735552,0.18
-0.2844634,1.420581,-0.4951552,-0.2844634,24.60057,-0.4951552,-0.1666104,0.6290016,-0.1895029,-0.735314,0.18
-0.2864211,1.420627,-0.4947413,-0.2864211,24.60062,-0.4947413,-0.165841,0.6299389,-0.1887881,-0.7348692,0.18
-0.2884548,1.420468,-0.4943286,-0.2884548,24.60046,-0.4943286,-0.1651356,0.6307555,-0.1881479,-0.7344918,0.18
-0.2904229,1.420406,-0.4939801,-0.2904229,24.6004,-0.4939801,-0.1646546,0.6313942,-0.187684,-0.7341697,0.18
-0.2924788,1.420275,-0.493389,-0.2924788,24.60027,-0.493389,-0.1643364,0.631907,-0.1873339,-0.733889,0.18
-0.2943091,1.420207,-0.4928566,-0.2943091,24.6002,-0.4928566,-0.1641895,0.6324495,-0.1871591,-0.7334992,0.18
-0.2962179,1.419884,-0.4922622,-0.2962179,24.59988,-0.4922622,-0.1641676,0.6330062,-0.1871701,-0.7330208,0.18
-0.2962179,1.419884,-0.4922622,-0.2962179,24.59988,-0.4922622,-0.1641676,0.6330062,-0.1871701,-0.7330208,0.18
-0.3002906,1.419395,-0.4907476,-0.3002906,24.59939,-0.4907476,-0.1643912,0.6338359,-0.1885289,-0.7319047,0.18
-0.3022327,1.419113,-0.4899555,-0.3022327,24.59911,-0.4899555,-0.1651721,0.6341276,-0.1892655,-0.7312859,0.18
-0.3041649,1.418845,-0.489019,-0.3041649,24.59884,-0.489019,-0.1658204,0.6344709,-0.189499,-0.7307808,0.18
-0.306335,1.418239,-0.4880248,-0.306335,24.59823,-0.4880248,-0.1665128,0.6346664,-0.1893551,-0.7304908,0.18
-0.3082776,1.417725,-0.4873143,-0.3082776,24.59772,-0.4873143,-0.1671072,0.6351143,-0.1888739,-0.7300903,0.18
-0.3104444,1.417322,-0.4862064,-0.3104444,24.59731,-0.4862064,-0.1682206,0.6354054,-0.1883646,-0.7297128,0.18
-0.3124979,1.416739,-0.4851009,-0.3124979,24.59673,-0.4851009,-0.1695168,0.6355627,-0.1878565,-0.7294067,0.18
-0.3144591,1.416178,-0.4842414,-0.3144591,24.59617,-0.4842414,-0.1712168,0.6357103,-0.1872954,-0.7290252,0.18
-0.3165911,1.415712,-0.4831318,-0.3165911,24.59571,-0.4831318,-0.1726674,0.6359411,-0.1872031,-0.7285052,0.18
-0.3186796,1.415195,-0.4819852,-0.3186796,24.59519,-0.4819852,-0.1745049,0.6361756,-0.1867467,-0.7279797,0.18
-0.3205793,1.414547,-0.4808444,-0.3205793,24.59454,-0.4808444,-0.1764785,0.6362846,-0.1864773,-0.7274776,0.18
-0.3224792,1.414,-0.4795419,-0.3224792,24.59399,-0.4795419,-0.1783504,0.6365249,-0.1864478,-0.7268181,0.18
-0.3243858,1.413521,-0.4782835,-0.3243858,24.59351,-0.4782835,-0.1806557,0.6366169,-0.1870876,-0.7260032,0.18
-0.3263419,1.413279,-0.4770869,-0.3263419,24.59327,-0.4770869,-0.1829333,0.6366283,-0.1879375,-0.725203,0.18
-0.3284526,1.413352,-0.4757093,-0.3284526,24.59334,-0.4757093,-0.1849339,0.6370127,-0.1891154,-0.7240509,0.18
-0.3306823,1.413468,-0.4742566,-0.3306823,24.59346,-0.4742566,-0.1857083,0.6378362,-0.1897655,-0.7229568,0.18
-0.3331938,1.413701,-0.4727558,-0.3331938,24.59369,-0.4727558,-0.1848082,0.6391833,-0.1896386,-0.7220305,0.18
-0.3360842,1.414041,-0.470848,-0.3360842,24.59403,-0.470848,-0.1835227,0.6406676,-0.1891951,-0.7211587,0.18
-0.341644,1.415114,-0.4677218,-0.341644,24.59511,-0.4677218,-0.1806232,0.6440071,-0.1872768,-0.7194148,0.18
-0.3451029,1.415983,-0.4657327,-0.3451029,24.59598,-0.4657327,-0.1795683,0.6459541,-0.1864872,-0.7181373,0.18
-0.3451029,1.415983,-0.4657327,-0.3451029,24.59598,-0.4657327,-0.1795683,0.6459541,-0.1864872,-0.7181373,0.18
-0.3482658,1.416576,-0.4638239,-0.3482658,24.59657,-0.4638239,-0.1786647,0.6477514,-0.1858034,-0.7169199,0.18
-0.3482658,1.416576,-0.4638239,-0.3482658,24.59657,-0.4638239,-0.1786647,0.6477514,-0.1858034,-0.7169199,0.18
-0.3547801,1.417888,-0.4598588,-0.3547801,24.59788,-0.4598588,-0.1765492,0.6519406,-0.1831235,-0.7143316,0.18
-0.3579623,1.418375,-0.4577845,-0.3579623,24.59837,-0.4577845,-0.1759937,0.6540446,-0.1804262,-0.713231,0.18
-0.3615307,1.418626,-0.4555317,-0.3615307,24.59862,-0.4555317,-0.175641,0.6559725,-0.1773224,-0.7123252,0.18
-0.3651097,1.418934,-0.4530896,-0.3651097,24.59893,-0.4530896,-0.1766202,0.6575805,-0.1744354,-0.7113125,0.18
-0.3675351,1.419199,-0.4514517,-0.3675351,24.59919,-0.4514517,-0.1781006,0.6584035,-0.1731174,-0.7105038,0.18
-0.3711598,1.419787,-0.4490908,-0.3711598,24.59978,-0.4490908,-0.1800376,0.6599185,-0.171743,-0.7089418,0.18
-0.3746955,1.420441,-0.4465882,-0.3746955,24.60043,-0.4465882,-0.1807142,0.6619725,-0.1699515,-0.7072845,0.18
-0.3787074,1.420832,-0.4440743,-0.3787074,24.60082,-0.4440743,-0.1796408,0.6644535,-0.1675945,-0.7057924,0.18
-0.3831464,1.421227,-0.4416314,-0.3831464,24.60122,-0.4416314,-0.1773284,0.6674582,-0.1638743,-0.7044142,0.18
-0.3879908,1.421499,-0.4390358,-0.3879908,24.60149,-0.4390358,-0.1744494,0.670409,-0.159504,-0.7033333,0.18
-0.393075,1.421355,-0.4363486,-0.393075,24.60135,-0.4363486,-0.1706239,0.6732735,-0.1536478,-0.7028391,0.18
-0.3981214,1.421208,-0.433679,-0.3981214,24.6012,-0.433679,-0.1682197,0.6754842,-0.148873,-0.7023248,0.18
-0.4033986,1.421292,-0.4308294,-0.4033986,24.60109,-0.4308294,-0.1676197,0.6772326,-0.145626,-0.7014648,0.18
-0.4085293,1.421615,-0.4280704,-0.4085293,24.60132,-0.4280704,-0.1679265,0.6790129,-0.1440191,-0.7000006,0.18
-0.4140327,1.421818,-0.4250606,-0.4140327,24.6016,-0.4250606,-0.1677624,0.6811646,-0.1435779,-0.6980373,0.18
-0.4204448,1.4219,-0.4215394,-0.4204448,24.60201,-0.4215394,-0.1653317,0.6838673,-0.1423979,-0.6962139,0.18
-0.4266882,1.421765,-0.4182462,-0.4266882,24.60238,-0.4182462,-0.1610885,0.6866871,-0.1400255,-0.6949131,0.18
-0.4334966,1.421126,-0.4148375,-0.4334966,24.60226,-0.4148375,-0.1548611,0.6893839,-0.1357141,-0.694514,0.18
-0.4402946,1.42058,-0.4112698,-0.4402946,24.60223,-0.4112698,-0.1500996,0.691223,-0.1324332,-0.6943647,0.18
-0.4468317,1.419914,-0.4076523,-0.4468317,24.60195,-0.4076523,-0.1473002,0.6918143,-0.1311968,-0.69461,0.18
-0.4531937,1.419455,-0.403978,-0.4531937,24.60176,-0.403978,-0.1480639,0.6919736,-0.1318072,-0.6941733,0.18
-0.4601128,1.418864,-0.3996991,-0.4601128,24.60139,-0.3996991,-0.148947,0.6916891,-0.1339382,-0.6938599,0.18
-0.4654648,1.418203,-0.396329,-0.4654648,24.60116,-0.396329,-0.1508105,0.6911016,-0.1363625,-0.6935705,0.18
-0.4720182,1.417858,-0.3922168,-0.4720182,24.60108,-0.3922168,-0.1537127,0.6907275,-0.1397275,-0.6926357,0.18
-0.4785919,1.418407,-0.3885444,-0.4785919,24.60191,-0.3885444,-0.1584308,0.6890014,-0.1431369,-0.6925956,0.18
-0.4850106,1.419767,-0.3847541,-0.4850106,24.60366,-0.3847541,-0.1629562,0.6875387,-0.1467238,-0.6922485,0.18
-0.4912623,1.421761,-0.3808709,-0.4912623,24.60652,-0.3808709,-0.1667534,0.6862158,-0.1514601,-0.6916366,0.18
-0.4912623,1.421761,-0.3808709,-0.4912623,24.60781,-0.3808709,-0.1667534,0.6862158,-0.1514601,-0.6916366,0.18
-0.4912623,1.421761,-0.3808709,-0.4912623,24.60927,-0.3808709,-0.1667534,0.6862158,-0.1514601,-0.6916366,0.18
-0.5093472,1.422582,-0.3693994,-0.5093472,24.61173,-0.3693994,-0.1657342,0.6828536,-0.1502742,-0.6954573,0.18
-0.5154757,1.423105,-0.3659595,-0.5154757,24.61409,-0.3659595,-0.1676252,0.6816472,-0.1460886,-0.6970776,0.18
-0.5212638,1.423642,-0.3627781,-0.5212638,24.61667,-0.3627781,-0.1695484,0.6805527,-0.1428337,-0.6983552,0.18
-0.5272592,1.423942,-0.3593055,-0.5272592,24.61923,-0.3593055,-0.1712523,0.6793796,-0.1411331,-0.6994265,0.18
-0.5322847,1.424024,-0.3559545,-0.5322847,24.62181,-0.3559545,-0.1728916,0.6781487,-0.1417067,-0.7001014,0.18
-0.5368775,1.423719,-0.3528143,-0.5368775,24.62425,-0.3528143,-0.174713,0.6772681,-0.1422587,-0.7003898,0.18
-0.5410187,1.423163,-0.3499917,-0.5410187,24.6267,-0.3499917,-0.1771546,0.6761982,-0.1441473,-0.7004241,0.18
-0.5449748,1.422849,-0.3469869,-0.5449748,24.62965,-0.3469869,-0.1796705,0.6755982,-0.1471469,-0.6997381,0.18
-0.5487856,1.422469,-0.3436681,-0.5487856,24.63282,-0.3436681,-0.1819703,0.675203,-0.1521145,-0.6984619,0.18
-0.5517846,1.422098,-0.3414422,-0.5517846,24.63626,-0.3414422,-0.1829299,0.6752991,-0.1560045,-0.6972592,0.18
-0.5517846,1.422098,-0.3414422,-0.5517846,24.64037,-0.3414422,-0.1829299,0.6752991,-0.1560045,-0.6972592,0.18
-0.5625267,1.421627,-0.3330196,-0.5625267,24.64428,-0.3330196,-0.1805279,0.6775675,-0.1654902,-0.6934876,0.18
-0.5625267,1.421627,-0.3330196,-0.5625267,24.64895,-0.3330196,-0.1805279,0.6775675,-0.1654902,-0.6934876,0.18
-0.5662005,1.421742,-0.3301426,-0.5662005,24.654,-0.3301426,-0.1792686,0.6786186,-0.1673291,-0.6923443,0.18
-0.5695429,1.421745,-0.3275727,-0.5695429,24.65921,-0.3275727,-0.1786779,0.6794382,-0.1685069,-0.6914069,0.18
-0.5723639,1.421821,-0.3253728,-0.5723639,24.66476,-0.3253728,-0.1781251,0.6804249,-0.1695815,-0.6903156,0.18
-0.5752966,1.42191,-0.3230277,-0.5752966,24.67055,-0.3230277,-0.1777926,0.6811687,-0.1705595,-0.6894262,0.18
-0.5780008,1.422087,-0.3207113,-0.5780008,24.67667,-0.3207113,-0.1778249,0.6823592,-0.1710818,-0.6881099,0.18
-0.5807322,1.422192,-0.3185683,-0.5807322,24.68291,-0.3185683,-0.1777328,0.683372,-0.1710093,-0.687146,0.18
-0.5834436,1.422423,-0.3163105,-0.5834436,24.68948,-0.3163105,-0.1780127,0.6842967,-0.1699815,-0.6864079,0.18
-0.5860437,1.422556,-0.3142563,-0.5860437,24.6961,-0.3142563,-0.1786198,0.6850359,-0.1685144,-0.6858743,0.18
-0.5883418,1.422582,-0.3125099,-0.5883418,24.70276,-0.3125099,-0.1801055,0.6854634,-0.166978,-0.6854344,0.18
-0.5908581,1.422719,-0.3103534,-0.5908581,24.70963,-0.3103534,-0.1822558,0.6856059,-0.1659755,-0.6849668,0.18
-0.5931554,1.422714,-0.3082224,-0.5931554,24.71644,-0.3082224,-0.1845056,0.685827,-0.1660265,-0.6841304,0.18
-0.5931554,1.422714,-0.3082224,-0.5931554,24.7233,-0.3082224,-0.1845056,0.685827,-0.1660265,-0.6841304,0.18
-0.5977308,1.423029,-0.3034765,-0.5977308,24.73049,-0.3034765,-0.1916666,0.6853825,-0.1678728,-0.6821536,0.18
-0.5977308,1.423029,-0.3034765,-0.5977308,24.73735,-0.3034765,-0.1916666,0.6853825,-0.1678728,-0.6821536,0.18
-0.5991604,1.423226,-0.3020607,-0.5991604,24.74436,-0.3020607,-0.1934262,0.6851183,-0.1683359,-0.6818081,0.18
-0.6006861,1.423644,-0.3003856,-0.6006861,24.75151,-0.3003856,-0.1943585,0.6849877,-0.168453,-0.6816453,0.18
-0.602641,1.424253,-0.2986828,-0.602641,24.75875,-0.2986828,-0.1950168,0.6847607,-0.1685783,-0.6816543,0.18
-0.6038549,1.424752,-0.2976593,-0.6038549,24.76574,-0.2976593,-0.1948029,0.684527,-0.1683156,-0.6820149,0.18
-0.6038549,1.424752,-0.2976593,-0.6038549,24.77207,-0.2976593,-0.1948029,0.684527,-0.1683156,-0.6820149,0.18
-0.6074874,1.426252,-0.294911,-0.6074874,24.77971,-0.294911,-0.1932655,0.6843384,-0.1676723,-0.6827997,0.18
-0.6092522,1.426981,-0.2936372,-0.6092522,24.78638,-0.2936372,-0.1915238,0.6844885,-0.1670492,-0.6832926,0.18
-0.6110947,1.427572,-0.2923895,-0.6110947,24.79268,-0.2923895,-0.1896747,0.6847501,-0.1664349,-0.6836961,0.18
-0.6127598,1.428101,-0.2910627,-0.6127598,24.79867,-0.2910627,-0.1871336,0.6852018,-0.1660024,-0.6840488,0.18
-0.6145794,1.428582,-0.2899889,-0.6145794,24.80436,-0.2899889,-0.1850585,0.6856434,-0.1659292,-0.6841886,0.18
-0.6165807,1.429054,-0.2887632,-0.6165807,24.80978,-0.2887632,-0.1831547,0.6861246,-0.1656482,-0.6842867,0.18
-0.6184802,1.429361,-0.2876533,-0.6184802,24.81475,-0.2876533,-0.1814775,0.686502,-0.1652273,-0.6844566,0.18
-0.6204361,1.429453,-0.2865728,-0.6204361,24.81923,-0.2865728,-0.1802495,0.6869957,-0.1645742,-0.6844431,0.18
-0.6225413,1.4295,-0.2854873,-0.6225413,24.82338,-0.2854873,-0.1798216,0.6872443,-0.1644615,-0.6843333,0.18
-0.6247369,1.429506,-0.2845618,-0.6247369,24.8272,-0.2845618,-0.1798188,0.6874607,-0.1650751,-0.6839688,0.18
-0.626642,1.429298,-0.2836002,-0.626642,24.83054,-0.2836002,-0.1807062,0.6874519,-0.1659404,-0.6835342,0.18
-0.6286236,1.429117,-0.2825564,-0.6286236,24.83362,-0.2825564,-0.1815662,0.6874822,-0.1666142,-0.6831118,0.18
-0.6303988,1.4288,-0.281587,-0.6303988,24.83631,-0.281587,-0.1830469,0.68744,-0.1678766,-0.6824497,0.18
-0.6324551,1.4284,-0.2804996,-0.6324551,24.83865,-0.2804996,-0.1841327,0.6874979,-0.1691631,-0.6817813,0.18
-0.6344591,1.428097,-0.2796696,-0.6344591,24.84085,-0.2796696,-0.1855196,0.6874265,-0.1704558,-0.6811551,0.18
-0.6367126,1.427871,-0.2787682,-0.6367126,24.84289,-0.2787682,-0.1865159,0.6873234,-0.1712937,-0.6807767,0.18
-0.6389942,1.427811,-0.2779635,-0.6389942,24.84487,-0.2779635,-0.1878967,0.6871678,-0.1721022,-0.6803501,0.18
-0.6414328,1.427693,-0.2770427,-0.6414328,24.84658,-0.2770427,-0.1887755,0.6872144,-0.1725427,-0.679948,0.18
-0.6414328,1.427693,-0.2770427,-0.6414328,24.84822,-0.2770427,-0.1887755,0.6872144,-0.1725427,-0.679948,0.18
-0.6465594,1.427257,-0.2752129,-0.6465594,24.84925,-0.2752129,-0.1902263,0.6872321,-0.173199,-0.6793587,0.18
-0.6489996,1.426981,-0.2744561,-0.6489996,24.85026,-0.2744561,-0.1907788,0.6873133,-0.1733571,-0.6790812,0.18
-0.6515639,1.426716,-0.2736093,-0.6515639,24.85113,-0.2736093,-0.1914169,0.6872989,-0.1732193,-0.6789513,0.18
-0.6541116,1.42661,-0.2728847,-0.6541116,24.85202,-0.2728847,-0.192098,0.6872665,-0.173178,-0.6788024,0.18
-0.6575371,1.42624,-0.2721013,-0.6575371,24.85253,-0.2721013,-0.1933839,0.6871078,-0.1731345,-0.6786089,0.18
-0.6596425,1.426057,-0.2715987,-0.6596425,24.8531,-0.2715987,-0.1942201,0.6867954,-0.1732183,-0.6786649,0.18
-0.6622339,1.425848,-0.2708918,-0.6622339,24.85355,-0.2708918,-0.1952631,0.6865807,-0.1735966,-0.6784863,0.18
-0.6675055,1.425335,-0.2694134,-0.6675055,24.8536,-0.2694134,-0.1977331,0.6861387,-0.1754316,-0.6777457,0.18
-0.6702654,1.425075,-0.2687012,-0.6702654,24.85382,-0.2687012,-0.1989717,0.6859855,-0.1761125,-0.6773615,0.18
-0.6729869,1.424735,-0.2680415,-0.6729869,24.8539,-0.2680415,-0.1997188,0.6857364,-0.1767631,-0.6772244,0.18
-0.6757236,1.4245,-0.2671982,-0.6757236,24.85401,-0.2671982,-0.2004934,0.6857012,-0.1772315,-0.6769087,0.18
-0.6787188,1.424219,-0.2663902,-0.6787188,24.85403,-0.2663902,-0.2011627,0.6853437,-0.1777374,-0.6769395,0.18
-0.6817359,1.424043,-0.2658082,-0.6817359,24.8541,-0.2658082,-0.2017846,0.684945,-0.178284,-0.6770142,0.18
-0.6850896,1.424011,-0.2649211,-0.6850896,24.85428,-0.2649211,-0.2028363,0.6847168,-0.1787505,-0.6768078,0.18
-0.6881478,1.423882,-0.2642418,-0.6881478,24.85433,-0.2642418,-0.2036715,0.6843241,-0.1789045,-0.6769133,0.18
-0.6912702,1.42375,-0.263543,-0.6912702,24.85434,-0.263543,-0.2048095,0.6837437,-0.1789451,-0.6771458,0.18
-0.6943108,1.423646,-0.2627953,-0.6943108,24.85436,-0.2627953,-0.2060135,0.6831228,-0.1793543,-0.6772989,0.18
-0.6975088,1.423473,-0.2621046,-0.6975088,24.85428,-0.2621046,-0.207433,0.6823059,-0.17988,-0.6775495,0.18
-0.7007065,1.423298,-0.2613724,-0.7007065,24.85419,-0.2613724,-0.2085134,0.6815972,-0.179888,-0.677929,0.18
-0.7039604,1.422996,-0.2606353,-0.7039604,24.85389,-0.2606353,-0.2091897,0.6808786,-0.1798426,-0.6784546,0.18
-0.7071903,1.422516,-0.2599975,-0.7071903,24.8534,-0.2599975,-0.2098849,0.6801472,-0.1795105,-0.6790612,0.18
-0.7071903,1.422516,-0.2599975,-0.7071903,24.8534,-0.2599975,-0.2098849,0.6801472,-0.1795105,-0.6790612,0.18
-0.7071903,1.422516,-0.2599975,-0.7071903,24.8534,-0.2599975,-0.2098849,0.6801472,-0.1795105,-0.6790612,0.18
-0.7137046,1.421023,-0.2584556,-0.7137046,24.85191,-0.2584556,-0.211077,0.6786175,-0.1790921,-0.6803313,0.18
-0.7172227,1.420146,-0.2578441,-0.7172227,24.85104,-0.2578441,-0.2124566,0.6775465,-0.1802886,-0.6806535,0.18
-0.7227958,1.419302,-0.2565445,-0.7227958,24.85019,-0.2565445,-0.2155583,0.6753407,-0.1828582,-0.6811846,0.18
-0.7262504,1.418876,-0.255972,-0.7262504,24.84977,-0.255972,-0.2164733,0.6740205,-0.183327,-0.6820755,0.18
-0.729985,1.418508,-0.2552649,-0.729985,24.8494,-0.2552649,-0.2169198,0.6728507,-0.182572,-0.6832901,0.18
-0.729985,1.418508,-0.2552649,-0.729985,24.8494,-0.2552649,-0.2169198,0.6728507,-0.182572,-0.6832901,0.18
-0.7378904,1.417386,-0.2541534,-0.7378904,24.84828,-0.2541534,-0.2158116,0.6704994,-0.177636,-0.6872419,0.18
-0.7421011,1.416606,-0.2535793,-0.7421011,24.8475,-0.2535793,-0.2156695,0.668898,-0.174902,-0.6895443,0.18
-0.7458205,1.416028,-0.2530607,-0.7458205,24.84692,-0.2530607,-0.216964,0.6668501,-0.1738667,-0.6913813,0.18
-0.7496233,1.415724,-0.2526554,-0.7496233,24.84661,-0.2526554,-0.2191736,0.6646263,-0.1739237,-0.6928099,0.18
-0.753737,1.415639,-0.2521797,-0.753737,24.84653,-0.2521797,-0.221163,0.6620864,-0.1735436,-0.6947023,0.18
-0.7580242,1.415437,-0.2517017,-0.7580242,24.84633,-0.2517017,-0.2220227,0.6598981,-0.1716622,-0.6969739,0.18
-0.7627649,1.414879,-0.2513772,-0.7627649,24.84577,-0.2513772,-0.2215088,0.6575605,-0.1681233,-0.7002019,0.18
-0.7674608,1.414365,-0.2509633,-0.7674608,24.84525,-0.2509633,-0.2205551,0.6552227,-0.1642076,-0.7036155,0.18
-0.7674608,1.414365,-0.2509633,-0.7674608,24.84525,-0.2509633,-0.2205551,0.6552227,-0.1642076,-0.7036155,0.18
-0.7763027,1.412868,-0.2503535,-0.7763027,24.84376,-0.2503535,-0.2200142,0.6490662,-0.1582708,-0.7108145,0.18
-0.7805492,1.412415,-0.2501553,-0.7805492,24.8433,-0.2501553,-0.2216803,0.6450318,-0.1576639,-0.7140967,0.18
-0.7849857,1.412261,-0.2499353,-0.7849857,24.84315,-0.2499353,-0.2239369,0.6404246,-0.1579257,-0.7174734,0.18
-0.7892888,1.4123,-0.2501482,-0.7892888,24.84319,-0.2501482,-0.2245694,0.6363598,-0.1576127,-0.7209529,0.18
-0.7941525,1.412477,-0.2500516,-0.7941525,24.84337,-0.2500516,-0.2236872,0.632452,-0.1558357,-0.7250405,0.18
-0.7941525,1.412477,-0.2500516,-0.7941525,24.84337,-0.2500516,-0.2236872,0.632452,-0.1558357,-0.7250405,0.18
-0.7941525,1.412477,-0.2500516,-0.7941525,24.84337,-0.2500516,-0.2236872,0.632452,-0.1558357,-0.7250405,0.18
-0.8044628,1.412809,-0.2499436,-0.8044628,24.8437,-0.2499436,-0.2177359,0.6249381,-0.1482679,-0.7348878,0.18
-0.809761,1.412849,-0.2501601,-0.809761,24.84374,-0.2501601,-0.2140332,0.6207029,-0.1439993,-0.7403932,0.18
-0.8162292,1.412955,-0.2503449,-0.8162292,24.84385,-0.2503449,-0.2101072,0.6153118,-0.1392045,-0.746906,0.18
-0.8201522,1.412915,-0.2506422,-0.8201522,24.84381,-0.2506422,-0.208074,0.6117598,-0.1367765,-0.7508311,0.18
-0.8258421,1.413203,-0.2510225,-0.8258421,24.84409,-0.2510225,-0.206808,0.6064273,-0.1335116,-0.7560762,0.18
-0.8305447,1.413731,-0.2515842,-0.8305447,24.84462,-0.2515842,-0.2071376,0.6015282,-0.1309936,-0.7603279,0.18
-0.8355808,1.414187,-0.2521445,-0.8355808,24.84508,-0.2521445,-0.2081566,0.5963731,-0.1286369,-0.7645016,0.18
-0.8408103,1.41502,-0.2528101,-0.8408103,24.84591,-0.2528101,-0.2090099,0.5915056,-0.125346,-0.768586,0.18
-0.8462398,1.415833,-0.2535335,-0.8462398,24.84672,-0.2535335,-0.2096649,0.586976,-0.1219403,-0.7724186,0.18
-0.8519191,1.417258,-0.2543467,-0.8519191,24.84815,-0.2543467,-0.2118221,0.5821747,-0.1192141,-0.7758816,0.18
-0.8579924,1.419479,-0.2551454,-0.8579924,24.85037,-0.2551454,-0.2146542,0.5771332,-0.1166475,-0.7792524,0.18
-0.8638518,1.421746,-0.2561134,-0.8638518,24.85264,-0.2561134,-0.216191,0.5724524,-0.1143222,-0.7826176,0.18
-0.8679912,1.422665,-0.2568954,-0.8679912,24.85355,-0.2568954,-0.2156298,0.5692503,-0.1122154,-0.785408,0.18
-0.8734601,1.423799,-0.2579492,-0.8734601,24.85469,-0.2579492,-0.2133836,0.5655523,-0.1098173,-0.7890236,0.18
-0.8773265,1.424834,-0.2589511,-0.8773265,24.85572,-0.2589511,-0.211887,0.5635039,-0.1102446,-0.7908309,0.18
-0.8854213,1.428032,-0.2607752,-0.8854213,24.85892,-0.2607752,-0.2122022,0.5588927,-0.1135683,-0.7935436,0.18
-0.8894866,1.429488,-0.2614294,-0.8894866,24.86038,-0.2614294,-0.211245,0.5565557,-0.1146873,-0.7952787,0.18
-0.8937426,1.430899,-0.2619146,-0.8937426,24.86179,-0.2619146,-0.2087072,0.5545239,-0.1143975,-0.7974069,0.18
-0.8982385,1.432209,-0.2622508,-0.8982385,24.8631,-0.2622508,-0.2055963,0.5523399,-0.112616,-0.7999802,0.18
-0.9031413,1.433512,-0.2624813,-0.9031413,24.8644,-0.2624813,-0.2019498,0.5501513,-0.1092721,-0.8028756,0.18
-0.9083338,1.434629,-0.2624115,-0.9083338,24.86552,-0.2624115,-0.1977725,0.547067,-0.1044424,-0.806657,0.18
-0.9130282,1.435291,-0.2622372,-0.9130282,24.86618,-0.2622372,-0.1936952,0.54397,-0.09911479,-0.8104044,0.18
-0.9172803,1.435531,-0.2617434,-0.9172803,24.86642,-0.2617434,-0.1896358,0.5407616,-0.09356997,-0.8141621,0.18
-0.9214034,1.435725,-0.2613732,-0.9214034,24.86662,-0.2613732,-0.1869365,0.5370128,-0.0890459,-0.817767,0.18
-0.9249659,1.43533,-0.2608362,-0.9249659,24.86622,-0.2608362,-0.1861337,0.5327868,-0.08522114,-0.821115,0.18
-0.9249659,1.43533,-0.2608362,-0.9249659,24.86622,-0.2608362,-0.1861337,0.5327868,-0.08522114,-0.821115,0.18
-0.9249659,1.43533,-0.2608362,-0.9249659,24.86622,-0.2608362,-0.1861337,0.5327868,-0.08522114,-0.821115,0.18
-0.9309787,1.434221,-0.2600714,-0.9309787,24.86511,-0.2600714,-0.1919059,0.5218843,-0.07996428,-0.8272936,0.18
-0.9339355,1.433761,-0.2596105,-0.9339355,24.86465,-0.2596105,-0.1987337,0.5138956,-0.07838348,-0.8308263,0.18
-0.9377102,1.433139,-0.2585582,-0.9377102,24.86403,-0.2585582,-0.2118046,0.4984166,-0.0766533,-0.8371643,0.18
-0.9396647,1.432743,-0.2578162,-0.9396647,24.86363,-0.2578162,-0.2167293,0.4903118,-0.07541205,-0.8407946,0.18
-0.94096,1.432351,-0.2570318,-0.94096,24.86324,-0.2570318,-0.2218792,0.4815224,-0.07472423,-0.844584,0.18
-0.94096,1.432351,-0.2570318,-0.94096,24.86324,-0.2570318,-0.2218792,0.4815224,-0.07472423,-0.844584,0.18
-0.9433912,1.432521,-0.2551728,-0.9433912,24.86341,-0.2551728,-0.2318884,0.4635678,-0.07453556,-0.8519256,0.18
-0.944316,1.432975,-0.2542621,-0.944316,24.86386,-0.2542621,-0.2364648,0.4542497,-0.07448352,-0.8556833,0.18
-0.945003,1.433942,-0.2529174,-0.945003,24.86483,-0.2529174,-0.2394938,0.4443527,-0.0738866,-0.8600781,0.18
-0.9459739,1.434918,-0.2514375,-0.9459739,24.86581,-0.2514375,-0.2410898,0.4345359,-0.07191937,-0.8648016,0.18
-0.9465189,1.436061,-0.2497758,-0.9465189,24.86695,-0.2497758,-0.2405367,0.4242,-0.06839028,-0.8703558,0.18
-0.9475313,1.437402,-0.2477003,-0.9475313,24.86829,-0.2477003,-0.2390689,0.4132536,-0.06350848,-0.8763757,0.18
-0.9485639,1.438457,-0.2457632,-0.9485639,24.86935,-0.2457632,-0.2372018,0.4031704,-0.05880896,-0.8818902,0.18
-0.9492245,1.439256,-0.2438122,-0.9492245,24.87015,-0.2438122,-0.2338921,0.3933005,-0.05333814,-0.8875609,0.18
-0.9493159,1.439421,-0.2430838,-0.9493159,24.87031,-0.2430838,-0.2313166,0.3834815,-0.04845485,-0.8927972,0.18
-0.9493355,1.439541,-0.2418069,-0.9493355,24.87043,-0.2418069,-0.228692,0.3736667,-0.04379153,-0.8978617,0.18
-0.9497125,1.439835,-0.2400538,-0.9497125,24.87072,-0.2400538,-0.2268895,0.3638234,-0.04007166,-0.9025232,0.18
-0.9495431,1.439808,-0.2387389,-0.9495431,24.8707,-0.2387389,-0.2256279,0.3543679,-0.03706441,-0.9067203,0.18
-0.949754,1.43985,-0.2370197,-0.949754,24.87074,-0.2370197,-0.2251003,0.3447264,-0.0349584,-0.9106435,0.18
-0.9495777,1.439565,-0.2356028,-0.9495777,24.87045,-0.2356028,-0.2256659,0.3351932,-0.03326411,-0.9141192,0.18
-0.9493626,1.439195,-0.2343232,-0.9493626,24.87008,-0.2343232,-0.2273245,0.3246634,-0.03199319,-0.9175477,0.18
-0.9491417,1.438878,-0.2333685,-0.9491417,24.86977,-0.2333685,-0.2292464,0.3171375,-0.03134243,-0.9197215,0.18
-0.9489672,1.438325,-0.2320537,-0.9489672,24.86922,-0.2320537,-0.2319645,0.3061778,-0.02995597,-0.9227948,0.18
-0.9489672,1.438325,-0.2320537,-0.9489672,24.86922,-0.2320537,-0.2319645,0.3061778,-0.02995597,-0.9227948,0.18
-0.9488225,1.43795,-0.2309119,-0.9488225,24.86884,-0.2309119,-0.2335484,0.2971802,-0.0290854,-0.9253611,0.18
-0.9488225,1.43795,-0.2309119,-0.9488225,24.86884,-0.2309119,-0.2335484,0.2971802,-0.0290854,-0.9253611,0.18
-0.9486837,1.43742,-0.2283005,-0.9486837,24.86831,-0.2283005,-0.2357028,0.2803232,-0.02826541,-0.9300883,0.18
-0.9485385,1.437372,-0.2256936,-0.9485385,24.86826,-0.2256936,-0.2358387,0.2641723,-0.02884511,-0.9347519,0.18
-0.9484529,1.437491,-0.2246577,-0.9484529,24.86838,-0.2246577,-0.2359434,0.2565158,-0.02945589,-0.9368366,0.18
-0.9483858,1.437631,-0.2236258,-0.9483858,24.86852,-0.2236258,-0.2358561,0.2494962,-0.03017246,-0.9387296,0.18
-0.9484239,1.437895,-0.2223896,-0.9484239,24.86878,-0.2223896,-0.2358326,0.242635,-0.03068763,-0.9405156,0.18
-0.9483705,1.438208,-0.2214645,-0.9483705,24.8691,-0.2214645,-0.2359104,0.2362112,-0.03111246,-0.9421161,0.18
