posX,posY,posZ,RotX,RotY,RotZ,RotW,vPosX,vPosY,vPosZ,initH
-0.7216741,1.490166,0.4950732,-0.7216741,23.80504,0.4950732,-0.3809821,-0.6232283,0.3434811,-0.590305,0.06
-0.7217834,1.490473,0.4951386,-0.7217834,23.80535,0.4951386,-0.3805477,-0.6235364,0.3430972,-0.590483,0.06
-0.7217834,1.490473,0.4951386,-0.7217834,23.80535,0.4951386,-0.3805477,-0.6235364,0.3430972,-0.590483,0.06
-0.7219411,1.490731,0.4950845,-0.7219411,23.80561,0.4950845,-0.3800941,-0.6238195,0.3427001,-0.5907066,0.06
-0.7220722,1.491004,0.4951115,-0.7220722,23.80588,0.4951115,-0.3786871,-0.6247277,0.341214,-0.5915104,0.06
-0.7220722,1.491004,0.4951115,-0.7220722,23.80588,0.4951115,-0.3786871,-0.6247277,0.341214,-0.5915104,0.06
-0.7220722,1.491004,0.4951115,-0.7220722,23.80588,0.4951115,-0.3786871,-0.6247277,0.341214,-0.5915104,0.06
-0.7220722,1.491004,0.4951115,-0.7220722,23.80588,0.4951115,-0.3786871,-0.6247277,0.341214,-0.5915104,0.06
-0.722881,1.491566,0.4952744,-0.722881,23.80644,0.4952744,-0.3762696,-0.6262354,0.3396271,-0.5923715,0.06
-0.722881,1.491566,0.4952744,-0.722881,23.80644,0.4952744,-0.3762696,-0.6262354,0.3396271,-0.5923715,0.06
-0.7231811,1.491827,0.4952766,-0.7231811,23.8067,0.4952766,-0.3751218,-0.6266073,0.3391021,-0.5930066,0.06
-0.7231811,1.491827,0.4952766,-0.7231811,23.8067,0.4952766,-0.3751218,-0.6266073,0.3391021,-0.5930066,0.06
-0.7231811,1.491827,0.4952766,-0.7231811,23.8067,0.4952766,-0.3751218,-0.6266073,0.3391021,-0.5930066,0.06
-0.7236201,1.492267,0.4956081,-0.7236201,23.80714,0.4956081,-0.3736301,-0.6271755,0.338109,-0.593914,0.06
-0.7242137,1.492791,0.4956894,-0.7242137,23.80767,0.4956894,-0.3723498,-0.6275484,0.3374014,-0.5947259,0.06
-0.7245129,1.493208,0.495719,-0.7245129,23.80808,0.495719,-0.3714012,-0.6280152,0.3370031,-0.5950521,0.06
-0.7248855,1.493666,0.4957666,-0.7248855,23.80854,0.4957666,-0.3701743,-0.6285359,0.3364273,-0.5955924,0.06
-0.7251401,1.494128,0.4957943,-0.7251401,23.809,0.4957943,-0.3686848,-0.6291197,0.3355338,-0.5964034,0.06
-0.7252593,1.494749,0.495725,-0.7252593,23.80962,0.495725,-0.3670792,-0.6297352,0.3347017,-0.5972112,0.06
-0.7255399,1.49564,0.4958369,-0.7255399,23.81051,0.4958369,-0.3651642,-0.6303391,0.3333473,-0.5985042,0.06
-0.7257129,1.496502,0.4959089,-0.7257129,23.81138,0.4959089,-0.3633335,-0.6308876,0.3319355,-0.5998238,0.06
-0.7258041,1.497455,0.4959148,-0.7258041,23.81233,0.4959148,-0.3611271,-0.6316082,0.3300399,-0.6014417,0.06
-0.7260636,1.49853,0.4959583,-0.7260636,23.8134,0.4959583,-0.3585553,-0.632549,0.3280566,-0.6030744,0.06
-0.7261838,1.499669,0.4959781,-0.7261838,23.81454,0.4959781,-0.3555624,-0.6337913,0.325662,-0.6048374,0.06
-0.7264247,1.50091,0.4960735,-0.7264247,23.81578,0.4960735,-0.3525445,-0.634936,0.3233357,-0.6066488,0.06
-0.7267812,1.502396,0.4961252,-0.7267812,23.81727,0.4961252,-0.3491894,-0.636009,0.320807,-0.6088039,0.06
-0.7269967,1.503886,0.496093,-0.7269967,23.81876,0.496093,-0.3456643,-0.6371863,0.3183115,-0.6108909,0.06
-0.7274685,1.505925,0.4963002,-0.7274685,23.8208,0.4963002,-0.3413724,-0.6386614,0.3155245,-0.6132054,0.06
-0.7277437,1.508078,0.4962938,-0.7277437,23.82295,0.4962938,-0.3365754,-0.6402864,0.3124126,-0.6157505,0.06
-0.7277437,1.508078,0.4962938,-0.7277437,23.82295,0.4962938,-0.3365754,-0.6402864,0.3124126,-0.6157505,0.06
-0.7282919,1.512239,0.496289,-0.7282919,23.82711,0.496289,-0.3270692,-0.6442288,0.3048656,-0.6205256,0.06
-0.7285241,1.514363,0.4962106,-0.7285241,23.82924,0.4962106,-0.32244,-0.6461815,0.3009138,-0.6228426,0.06
-0.7288988,1.516643,0.4960005,-0.7288988,23.83152,0.4960005,-0.3176683,-0.6482983,0.2965378,-0.6251892,0.06
-0.7292624,1.518893,0.4957395,-0.7292624,23.83377,0.4957395,-0.3133236,-0.6498928,0.2923496,-0.6276938,0.06
-0.7297003,1.521375,0.4954685,-0.7297003,23.83625,0.4954685,-0.3086534,-0.6518783,0.2878248,-0.6300354,0.06
-0.7300842,1.523843,0.4950851,-0.7300842,23.83872,0.4950851,-0.3040012,-0.6535927,0.2838188,-0.6323345,0.06
-0.7306747,1.526497,0.4947447,-0.7306747,23.84137,0.4947447,-0.2989137,-0.6555415,0.2792829,-0.6347575,0.06
-0.7311654,1.52894,0.4943761,-0.7311654,23.84381,0.4943761,-0.2936927,-0.657598,0.2748189,-0.6370118,0.06
-0.7316737,1.531631,0.493867,-0.7316737,23.84651,0.493867,-0.2875952,-0.6602081,0.2694441,-0.6393858,0.06
-0.7322992,1.534243,0.4933524,-0.7322992,23.84912,0.4933524,-0.2822088,-0.6623784,0.2645871,-0.641566,0.06
-0.7327919,1.536739,0.4928097,-0.7327919,23.85161,0.4928097,-0.2769629,-0.6645093,0.260335,-0.6433853,0.06
-0.7333617,1.53924,0.4919571,-0.7333617,23.85411,0.4919571,-0.2716489,-0.6663575,0.2561831,-0.6454029,0.06
-0.7339535,1.541687,0.4913064,-0.7339535,23.85656,0.4913064,-0.2664559,-0.6680039,0.2521186,-0.647463,0.06
-0.7339535,1.541687,0.4913064,-0.7339535,23.85656,0.4913064,-0.2664559,-0.6680039,0.2521186,-0.647463,0.06
-0.7339535,1.541687,0.4913064,-0.7339535,23.85656,0.4913064,-0.2664559,-0.6680039,0.2521186,-0.647463,0.06
-0.7352084,1.546345,0.4894798,-0.7352084,23.86122,0.4894798,-0.2561057,-0.6710694,0.2454304,-0.6510297,0.06
-0.7364267,1.550322,0.4875438,-0.7364267,23.8652,0.4875438,-0.2472913,-0.6736277,0.2402657,-0.6537164,0.06
-0.7369769,1.552158,0.4861715,-0.7369769,23.86703,0.4861715,-0.2427252,-0.6750931,0.2377502,-0.6548348,0.06
-0.7374685,1.553569,0.4849281,-0.7374685,23.86844,0.4849281,-0.238916,-0.6763642,0.2356848,-0.65567,0.06
-0.7379111,1.554857,0.4836644,-0.7379111,23.86973,0.4836644,-0.2352521,-0.6774855,0.233738,-0.6565337,0.06
-0.7383258,1.555788,0.4823444,-0.7383258,23.87066,0.4823444,-0.232534,-0.6784545,0.2324901,-0.6569443,0.06
-0.7385274,1.556469,0.4808424,-0.7385274,23.87134,0.4808424,-0.2301854,-0.6792642,0.2315664,-0.6572609,0.06
-0.7389008,1.556907,0.4792559,-0.7389008,23.87178,0.4792559,-0.2289222,-0.6796008,0.2317215,-0.6572993,0.06
-0.7391319,1.557285,0.4775927,-0.7391319,23.87216,0.4775927,-0.2279361,-0.680052,0.2322006,-0.6570063,0.06
-0.7394522,1.557425,0.4760193,-0.7394522,23.8723,0.4760193,-0.227859,-0.6800928,0.233442,-0.6565508,0.06
-0.7395945,1.557425,0.4743712,-0.7395945,23.8723,0.4743712,-0.2274159,-0.6803178,0.2348656,-0.6559634,0.06
-0.7393963,1.556968,0.4724139,-0.7393963,23.87184,0.4724139,-0.2275289,-0.6805771,0.2362927,-0.6551421,0.06
-0.7389971,1.556237,0.4705477,-0.7389971,23.87111,0.4705477,-0.2281841,-0.680795,0.237441,-0.6542721,0.06
-0.7387378,1.55543,0.4686688,-0.7387378,23.8703,0.4686688,-0.2286276,-0.680889,0.2382908,-0.6537102,0.06
-0.7379258,1.554194,0.4664456,-0.7379258,23.86907,0.4664456,-0.2299558,-0.6807508,0.2395357,-0.6529329,0.06
-0.7370874,1.552965,0.4644789,-0.7370874,23.86784,0.4644789,-0.2311351,-0.6804441,0.2408725,-0.6523442,0.06
-0.7370874,1.552965,0.4644789,-0.7370874,23.86784,0.4644789,-0.2311351,-0.6804441,0.2408725,-0.6523442,0.06
-0.7370874,1.552965,0.4644789,-0.7370874,23.86784,0.4644789,-0.2311351,-0.6804441,0.2408725,-0.6523442,0.06
-0.7350724,1.54987,0.460063,-0.7350724,23.86474,0.460063,-0.2350114,-0.6793194,0.2441224,-0.6509216,0.06
-0.7329733,1.547131,0.4562672,-0.7329733,23.86201,0.4562672,-0.2387883,-0.6777433,0.2461568,-0.6504238,0.06
-0.7313831,1.545575,0.4539121,-0.7313831,23.86045,0.4539121,-0.24207,-0.6763808,0.2473298,-0.650184,0.06
-0.7298524,1.544193,0.4518995,-0.7298524,23.85907,0.4518995,-0.2455296,-0.6753561,0.247619,-0.6498417,0.06
-0.7285398,1.542802,0.4499233,-0.7285398,23.85768,0.4499233,-0.2485452,-0.6745305,0.2476256,-0.6495503,0.06
-0.7269158,1.541332,0.4480567,-0.7269158,23.85621,0.4480567,-0.2512861,-0.6738375,0.2466296,-0.6495938,0.06
-0.7253774,1.539949,0.4462557,-0.7253774,23.85482,0.4462557,-0.2539167,-0.6726222,0.2452571,-0.6503497,0.06
-0.7239915,1.538521,0.4445561,-0.7239915,23.8534,0.4445561,-0.2568294,-0.6705855,0.2430923,-0.6521196,0.06
-0.7220078,1.537201,0.4430842,-0.7220078,23.85208,0.4430842,-0.2598801,-0.6678975,0.2403169,-0.6546931,0.06
-0.7195247,1.536244,0.4418558,-0.7195247,23.85112,0.4418558,-0.2631426,-0.6643429,0.2374244,-0.6580534,0.06
-0.7173831,1.535569,0.4408473,-0.7173831,23.85044,0.4408473,-0.2655625,-0.6611124,0.2347571,-0.6612837,0.06
-0.7144601,1.535084,0.4398756,-0.7144601,23.84947,0.4398756,-0.2673078,-0.6579717,0.2319878,-0.6646816,0.06
-0.711468,1.534626,0.4392208,-0.711468,23.84856,0.4392208,-0.2680596,-0.6549061,0.2299043,-0.6681213,0.06
-0.7088494,1.534362,0.438656,-0.7088494,23.84803,0.438656,-0.268553,-0.6523724,0.2292593,-0.670619,0.06
-0.7059109,1.534842,0.4383461,-0.7059109,23.84899,0.4383461,-0.2693346,-0.6497816,0.2311296,-0.6721769,0.06
-0.7032911,1.535514,0.4379975,-0.7032911,23.85033,0.4379975,-0.2707727,-0.6475235,0.234089,-0.6727539,0.06
-0.7032911,1.535514,0.4379975,-0.7032911,23.85033,0.4379975,-0.2707727,-0.6475235,0.234089,-0.6727539,0.06
-0.7032911,1.535514,0.4379975,-0.7032911,23.85033,0.4379975,-0.2707727,-0.6475235,0.234089,-0.6727539,0.06
-0.6972837,1.538813,0.4379678,-0.6972837,23.85693,0.4379678,-0.2742814,-0.6437403,0.2466482,-0.6704721,0.06
-0.6936769,1.54139,0.4386849,-0.6936769,23.86209,0.4386849,-0.2743872,-0.642318,0.2530686,-0.6693994,0.06
-0.6913495,1.542685,0.4393023,-0.6913495,23.86468,0.4393023,-0.2741506,-0.64131,0.255296,-0.6696169,0.06
-0.6893814,1.543784,0.4403611,-0.6893814,23.86687,0.4403611,-0.2739069,-0.6404029,0.2567512,-0.6700284,0.06
-0.6873059,1.544624,0.4413124,-0.6873059,23.86855,0.4413124,-0.2735195,-0.6391188,0.2569715,-0.6713271,0.06
-0.6850547,1.545439,0.4425468,-0.6850547,23.87018,0.4425468,-0.2730423,-0.6372161,0.2557028,-0.6738099,0.06
-0.6824027,1.545997,0.4437108,-0.6824027,23.8713,0.4437108,-0.2722464,-0.6353438,0.252664,-0.6770386,0.06
-0.679641,1.546564,0.4449764,-0.679641,23.87243,0.4449764,-0.270557,-0.6333537,0.2484776,-0.6811174,0.06
-0.6765227,1.547079,0.4460751,-0.6765227,23.87346,0.4460751,-0.2688577,-0.6314052,0.2444316,-0.685052,0.06
-0.6734482,1.547297,0.4474254,-0.6734482,23.8739,0.4474254,-0.2668959,-0.6296219,0.2397658,-0.6890975,0.06
-0.6706409,1.547374,0.448482,-0.6706409,23.87405,0.448482,-0.265927,-0.6273459,0.2361504,-0.6927865,0.06
-0.6674651,1.54735,0.4496025,-0.6674651,23.87401,0.4496025,-0.2655553,-0.6247491,0.2330742,-0.6963084,0.06
-0.6648985,1.546966,0.4505936,-0.6648985,23.87324,0.4505936,-0.2657187,-0.6222996,0.2311907,-0.6990621,0.06
-0.6626103,1.546581,0.4514269,-0.6626103,23.87247,0.4514269,-0.266024,-0.6200222,0.230344,-0.7012457,0.06
-0.6603335,1.546009,0.4521707,-0.6603335,23.87132,0.4521707,-0.2666037,-0.6182726,0.2311314,-0.7023103,0.06
-0.6580192,1.545485,0.4529383,-0.6580192,23.87028,0.4529383,-0.2668698,-0.616868,0.2324913,-0.7029952,0.06
-0.6580192,1.545485,0.4529383,-0.6580192,23.87028,0.4529383,-0.2668698,-0.616868,0.2324913,-0.7029952,0.06
-0.6535035,1.544987,0.4544482,-0.6535035,23.86928,0.4544482,-0.2676776,-0.6149707,0.2371422,-0.7027968,0.06
-0.6512262,1.544878,0.4551331,-0.6512262,23.86906,0.4551331,-0.2683777,-0.6144425,0.2395197,-0.7021853,0.06
-0.648387,1.544928,0.4558117,-0.648387,23.86917,0.4558117,-0.2687136,-0.6141717,0.241762,-0.701525,0.06
-0.6460714,1.544935,0.4565424,-0.6460714,23.86918,0.4565424,-0.2689105,-0.6144103,0.243253,-0.7007248,0.06
-0.643277,1.544826,0.4571395,-0.643277,23.86896,0.4571395,-0.2687773,-0.6149218,0.245028,-0.699708,0.06
-0.6405604,1.54483,0.457956,-0.6405604,23.86897,0.457956,-0.2686958,-0.6155823,0.2462496,-0.6987289,0.06
-0.6377876,1.544841,0.4587947,-0.6377876,23.86899,0.4587947,-0.2681972,-0.6168718,0.2466388,-0.6976451,0.06
-0.6347573,1.54475,0.4596735,-0.6347573,23.86881,0.4596735,-0.2674435,-0.6175906,0.2468989,-0.6972064,0.06
-0.6315079,1.544696,0.4607141,-0.6315079,23.86871,0.4607141,-0.2664041,-0.6186503,0.2462825,-0.6968828,0.06
-0.6279957,1.544739,0.4618131,-0.6279957,23.8688,0.4618131,-0.2653261,-0.6194964,0.2453539,-0.69687,0.06
-0.6243066,1.544514,0.4629428,-0.6243066,23.86835,0.4629428,-0.2636409,-0.6207571,0.2431436,-0.6971623,0.06
-0.6206003,1.544335,0.4641104,-0.6206003,23.86799,0.4641104,-0.2620023,-0.6219949,0.2409175,-0.6974497,0.06
-0.6161133,1.544142,0.4655831,-0.6161133,23.86761,0.4655831,-0.2601462,-0.6236865,0.2377097,-0.6977344,0.06
-0.6161133,1.544142,0.4655831,-0.6161133,23.86761,0.4655831,-0.2601462,-0.6236865,0.2377097,-0.6977344,0.06
-0.6078532,1.543467,0.4682248,-0.6078532,23.86627,0.4682248,-0.2564902,-0.62714,0.2307466,-0.6983296,0.06
-0.6078532,1.543467,0.4682248,-0.6078532,23.86627,0.4682248,-0.2564902,-0.62714,0.2307466,-0.6983296,0.06
-0.6078532,1.543467,0.4682248,-0.6078532,23.86628,0.4682248,-0.2564902,-0.62714,0.2307466,-0.6983296,0.06
-0.6078532,1.543467,0.4682248,-0.6078532,23.86629,0.4682248,-0.2564902,-0.62714,0.2307466,-0.6983296,0.06
-0.5909258,1.541437,0.4743122,-0.5909258,23.86223,0.4743122,-0.2487029,-0.6355851,0.2264899,-0.6948962,0.06
-0.5909258,1.541437,0.4743122,-0.5909258,23.86224,0.4743122,-0.2487029,-0.6355851,0.2264899,-0.6948962,0.06
-0.5909258,1.541437,0.4743122,-0.5909258,23.86226,0.4743122,-0.2487029,-0.6355851,0.2264899,-0.6948962,0.06
-0.5763569,1.540046,0.4801202,-0.5763569,23.85949,0.4801202,-0.2426902,-0.644065,0.2314556,-0.6875392,0.06
-0.5705646,1.539225,0.4825729,-0.5705646,23.85786,0.4825729,-0.2388766,-0.6483564,0.2323037,-0.6845488,0.06
-0.5654119,1.538162,0.4847832,-0.5654119,23.85575,0.4847832,-0.2344613,-0.6529523,0.2318885,-0.6818424,0.06
-0.5599061,1.536716,0.4871079,-0.5599061,23.85289,0.4871079,-0.2287225,-0.6590194,0.230855,-0.678296,0.06
-0.55554,1.535435,0.4893501,-0.55554,23.8516,0.4893501,-0.2239022,-0.6647393,0.2300795,-0.6745762,0.06
-0.5513785,1.534072,0.4916904,-0.5513785,23.85024,0.4916904,-0.2196073,-0.6708323,0.2301801,-0.6699059,0.06
-0.5513785,1.534072,0.4916904,-0.5513785,23.85024,0.4916904,-0.2196073,-0.6708323,0.2301801,-0.6699059,0.06
-0.5441668,1.531967,0.4961168,-0.5441668,23.84814,0.4961168,-0.2161959,-0.6806978,0.2328013,-0.660086,0.06
-0.5401876,1.531607,0.4983728,-0.5401876,23.84778,0.4983728,-0.2163575,-0.6845406,0.2363752,-0.6547675,0.06
-0.5357206,1.532608,0.500769,-0.5357206,23.84878,0.500769,-0.218401,-0.6879691,0.2420171,-0.6484037,0.06
-0.5295442,1.535162,0.5033286,-0.5295442,23.85798,0.5033286,-0.2219736,-0.6902474,0.2487048,-0.6422088,0.06
-0.5295442,1.535162,0.5033286,-0.5295442,23.85915,0.5033286,-0.2219736,-0.6902474,0.2487048,-0.6422088,0.06
-0.5165929,1.542121,0.5071468,-0.5165929,23.87443,0.5071468,-0.2214508,-0.6973647,0.2509898,-0.6337556,0.06
-0.5101813,1.543594,0.508707,-0.5101813,23.87897,0.508707,-0.2172905,-0.7004561,0.2454676,-0.6339495,0.06
-0.5040404,1.543532,0.5093974,-0.5040404,23.8807,0.5093974,-0.2100266,-0.7029602,0.2351629,-0.637522,0.06
-0.4984349,1.543272,0.5102662,-0.4984349,23.88234,0.5102662,-0.2058578,-0.7060378,0.2259039,-0.6388275,0.06
-0.4934125,1.543289,0.5111064,-0.4934125,23.88487,0.5111064,-0.203903,-0.7079531,0.2193163,-0.63963,0.06
-0.4885556,1.5436,0.5117962,-0.4885556,23.88837,0.5117962,-0.2027723,-0.7097334,0.2175587,-0.6386158,0.06
-0.4843218,1.544876,0.5123373,-0.4843218,23.89423,0.5123373,-0.2044605,-0.7107409,0.2215639,-0.6355728,0.06
-0.4799742,1.546726,0.5129052,-0.4799742,23.90173,0.5129052,-0.2067831,-0.7120291,0.229747,-0.6304536,0.06
-0.476265,1.548699,0.5131745,-0.476265,23.90999,0.5131745,-0.2078788,-0.7131105,0.2374458,-0.6260027,0.06
-0.4727491,1.551174,0.513296,-0.4727491,23.91983,0.513296,-0.2092281,-0.7149072,0.2457506,-0.6202725,0.06
-0.4692312,1.553141,0.5134639,-0.4692312,23.92927,0.5134639,-0.2103675,-0.7166755,0.25113,-0.6156748,0.06
-0.4660994,1.55497,0.5135517,-0.4660994,23.93907,0.5135517,-0.212255,-0.71695,0.2544887,-0.6133238,0.06
-0.4624307,1.556341,0.5137833,-0.4624307,23.94862,0.5137833,-0.2135622,-0.7172228,0.2541337,-0.612698,0.06
-0.4587028,1.557486,0.5141801,-0.4587028,23.95839,0.5141801,-0.2149459,-0.7170951,0.2508289,-0.6137245,0.06
-0.4587028,1.557486,0.5141801,-0.4587028,23.96651,0.5141801,-0.2149459,-0.7170951,0.2508289,-0.6137245,0.06
-0.4500663,1.559914,0.5151459,-0.4500663,23.9801,0.5151459,-0.2134642,-0.7171537,0.2451137,-0.6164763,0.06
-0.444767,1.560971,0.5156671,-0.444767,23.99149,0.5156671,-0.2106846,-0.7174342,0.2432111,-0.6178581,0.06
-0.4398259,1.561921,0.5162587,-0.4398259,24.00314,0.5162587,-0.2077395,-0.7180951,0.2424157,-0.6183999,0.06
-0.4353459,1.562397,0.5169779,-0.4353459,24.01418,0.5169779,-0.2055444,-0.7185636,0.2417234,-0.61886,0.06
-0.4306384,1.562756,0.5173364,-0.4306384,24.02522,0.5173364,-0.2048503,-0.7188678,0.2414269,-0.6188526,0.06
-0.4262704,1.56295,0.5177463,-0.4262704,24.03602,0.5177463,-0.2048821,-0.7191338,0.2408058,-0.6187751,0.06
-0.4219365,1.563265,0.5181853,-0.4219365,24.047,0.5181853,-0.2052321,-0.7191004,0.24073,-0.6187273,0.06
-0.4174862,1.563251,0.5185684,-0.4174862,24.05712,0.5185684,-0.2056807,-0.7190287,0.2406283,-0.6187013,0.06
-0.4131589,1.563326,0.5189757,-0.4131589,24.0671,0.5189757,-0.2057827,-0.7189407,0.2405908,-0.6187841,0.06
-0.4088024,1.563235,0.5194499,-0.4088024,24.0763,0.5194499,-0.2058091,-0.7186861,0.2408011,-0.6189893,0.06
-0.4036671,1.563116,0.5197494,-0.4036671,24.08492,0.5197494,-0.206246,-0.7180108,0.2414377,-0.6193795,0.06
-0.39917,1.562964,0.5200194,-0.39917,24.09287,0.5200194,-0.2063562,-0.7172764,0.2418304,-0.6200402,0.06
-0.3943865,1.56269,0.5203775,-0.3943865,24.09994,0.5203775,-0.2068303,-0.7163725,0.2423493,-0.6207243,0.06
-0.3943865,1.56269,0.5203775,-0.3943865,24.10689,0.5203775,-0.2068303,-0.7163725,0.2423493,-0.6207243,0.06
-0.3837304,1.56178,0.5206383,-0.3837304,24.11135,0.5206383,-0.2077362,-0.713989,0.2427509,-0.6230068,0.06
-0.3788236,1.561373,0.5206923,-0.3788236,24.11617,0.5206923,-0.2079102,-0.7125985,0.2425119,-0.6246316,0.06
-0.3788236,1.561373,0.5206923,-0.3788236,24.12119,0.5206923,-0.2079102,-0.7125985,0.2425119,-0.6246316,0.06
-0.3688478,1.560528,0.5203779,-0.3688478,24.12393,0.5203779,-0.2075418,-0.710584,0.2405142,-0.6278135,0.06
-0.3636233,1.559863,0.5200695,-0.3636233,24.1265,0.5200695,-0.2064523,-0.7095751,0.2397044,-0.629621,0.06
-0.3585345,1.559041,0.5198839,-0.3585345,24.12827,0.5198839,-0.2055134,-0.7085876,0.2390632,-0.6312817,0.06
-0.353319,1.558021,0.519437,-0.353319,24.1292,0.519437,-0.2043401,-0.7076192,0.2391397,-0.6327183,0.06
-0.3484199,1.556983,0.5192112,-0.3484199,24.12969,0.5192112,-0.2027421,-0.7067921,0.2398295,-0.6338946,0.06
-0.3434258,1.556084,0.5188947,-0.3434258,24.13012,0.5188947,-0.2012491,-0.7062176,0.2408169,-0.634636,0.06
-0.3384547,1.555143,0.5184404,-0.3384547,24.13015,0.5184404,-0.1998776,-0.7056628,0.2420046,-0.6352345,0.06
-0.3323593,1.554159,0.5180081,-0.3323593,24.12983,0.5180081,-0.1982465,-0.7050474,0.2432639,-0.6359475,0.06
-0.3282566,1.553314,0.5174807,-0.3282566,24.12955,0.5174807,-0.196822,-0.7048847,0.2441987,-0.636212,0.06
-0.3232776,1.55239,0.5168681,-0.3232776,24.12891,0.5168681,-0.1956153,-0.7046084,0.2449812,-0.6365893,0.06
-0.3134122,1.550866,0.5152935,-0.3134122,24.12689,0.5152935,-0.1938828,-0.7047285,0.2457683,-0.6366829,0.06
-0.3083887,1.550444,0.5141758,-0.3083887,24.12693,0.5141758,-0.1928137,-0.7050448,0.244791,-0.6370338,0.06
-0.3030837,1.55016,0.5129609,-0.3030837,24.12711,0.5129609,-0.1919456,-0.7049133,0.2432394,-0.6380351,0.06
-0.3030837,1.55016,0.5129609,-0.3030837,24.12775,0.5129609,-0.1919456,-0.7049133,0.2432394,-0.6380351,0.06
-0.2975862,1.550162,0.5115782,-0.2975862,24.12829,0.5115782,-0.1910938,-0.7046849,0.2403451,-0.639638,0.06
-0.2975862,1.550162,0.5115782,-0.2975862,24.12875,0.5115782,-0.1910938,-0.7046849,0.2403451,-0.639638,0.06
-0.2843764,1.549981,0.5080014,-0.2843764,24.12878,0.5080014,-0.1874543,-0.7034797,0.2314876,-0.6452834,0.06
-0.2843764,1.549981,0.5080014,-0.2843764,24.12912,0.5080014,-0.1874543,-0.7034797,0.2314876,-0.6452834,0.06
-0.2675083,1.548463,0.5027,-0.2675083,24.12637,0.5027,-0.1812839,-0.6997309,0.217801,-0.6558015,0.06
-0.2616057,1.547511,0.5006255,-0.2616057,24.1247,0.5006255,-0.1793272,-0.6977863,0.2124363,-0.6601567,0.06
-0.2616057,1.547511,0.5006255,-0.2616057,24.1247,0.5006255,-0.1793272,-0.6977863,0.2124363,-0.6601567,0.06
-0.2557676,1.546439,0.4984604,-0.2557676,24.12363,0.4984604,-0.1768069,-0.695645,0.2062836,-0.6650296,0.06
-0.2437541,1.546057,0.4941641,-0.2437541,24.12325,0.4941641,-0.1771339,-0.6896008,0.1989431,-0.6734211,0.06
-0.2377636,1.547248,0.4922825,-0.2377636,24.12444,0.4922825,-0.1800399,-0.6854842,0.1986183,-0.6769401,0.06
-0.2377636,1.547248,0.4922825,-0.2377636,24.13108,0.4922825,-0.1800399,-0.6854842,0.1986183,-0.6769401,0.06
-0.2237258,1.553927,0.4891721,-0.2237258,24.14561,0.4891721,-0.1981604,-0.6705925,0.2094406,-0.6835005,0.06
-0.2170541,1.556938,0.4879791,-0.2170541,24.153,0.4879791,-0.2014322,-0.6651055,0.2097693,-0.6877912,0.06
-0.2170541,1.556938,0.4879791,-0.2170541,24.15459,0.4879791,-0.2014322,-0.6651055,0.2097693,-0.6877912,0.06
-0.2101951,1.557866,0.4868721,-0.2101951,24.1583,0.4868721,-0.1968043,-0.6609232,0.1997038,-0.6961085,0.06
-0.1967249,1.554192,0.4847571,-0.1967249,24.15311,0.4847571,-0.1787957,-0.6551801,0.1732566,-0.7132695,0.06
-0.190593,1.552945,0.4839975,-0.190593,24.15311,0.4839975,-0.1732193,-0.6538337,0.1654569,-0.717719,0.06
-0.190593,1.552945,0.4839975,-0.190593,24.15599,0.4839975,-0.1732193,-0.6538337,0.1654569,-0.717719,0.06
-0.1853125,1.553386,0.4835781,-0.1853125,24.16019,0.4835781,-0.1706514,-0.6525968,0.1634316,-0.7199206,0.06
-0.1853125,1.553386,0.4835781,-0.1853125,24.16398,0.4835781,-0.1706514,-0.6525968,0.1634316,-0.7199206,0.06
-0.1762793,1.558917,0.4823297,-0.1762793,24.17936,0.4823297,-0.1816236,-0.6488374,0.1825306,-0.7160346,0.06
-0.1701689,1.564294,0.4808524,-0.1701689,24.19501,0.4808524,-0.1940071,-0.6446774,0.2122076,-0.7083221,0.06
-0.1670997,1.566125,0.4801642,-0.1670997,24.20417,0.4801642,-0.1942303,-0.6456266,0.2219853,-0.7043887,0.06
-0.1640174,1.568255,0.4799157,-0.1640174,24.21457,0.4799157,-0.1959208,-0.6468627,0.2287027,-0.7006274,0.06
-0.1640174,1.568255,0.4799157,-0.1640174,24.22138,0.4799157,-0.1959208,-0.6468627,0.2287027,-0.7006274,0.06
-0.1603937,1.570318,0.4794668,-0.1603937,24.23298,0.4794668,-0.1975328,-0.6480582,0.2320522,-0.6979637,0.06
-0.156014,1.572158,0.4787822,-0.156014,24.24479,0.4787822,-0.1978191,-0.6491591,0.2299873,-0.6975428,0.06
-0.1514215,1.573968,0.4783508,-0.1514215,24.25714,0.4783508,-0.1962659,-0.6503273,0.2220674,-0.699457,0.06
-0.1463501,1.575447,0.4778084,-0.1463501,24.26938,0.4778084,-0.1927225,-0.6509725,0.215722,-0.701824,0.06
-0.1352925,1.578199,0.4779071,-0.1352925,24.28463,0.4779071,-0.1813643,-0.6532145,0.2063025,-0.70559,0.06
-0.1301005,1.579064,0.4777523,-0.1301005,24.29645,0.4777523,-0.1774778,-0.6535202,0.2035559,-0.7070912,0.06
-0.1301005,1.579064,0.4777523,-0.1301005,24.30677,0.4777523,-0.1774778,-0.6535202,0.2035559,-0.7070912,0.06
-0.1249874,1.579709,0.4775349,-0.1249874,24.31847,0.4775349,-0.1759472,-0.6544208,0.2006945,-0.7074587,0.06
-0.1249874,1.579709,0.4775349,-0.1249874,24.32882,0.4775349,-0.1759472,-0.6544208,0.2006945,-0.7074587,0.06
-0.1145384,1.580545,0.476498,-0.1145384,24.34064,0.476498,-0.1749219,-0.654478,0.1953424,-0.7091561,0.06
-0.1050837,1.5809,0.4755071,-0.1050837,24.35118,0.4755071,-0.1736006,-0.654286,0.1925413,-0.7104229,0.06
-0.1000063,1.580824,0.475029,-0.1000063,24.36041,0.475029,-0.1726773,-0.6546807,0.1920276,-0.7104232,0.06
-0.09503579,1.580459,0.474444,-0.09503579,24.36854,0.474444,-0.1720758,-0.6550657,0.1925425,-0.7100748,0.06
-0.09503579,1.580459,0.474444,-0.09503579,24.3768,0.474444,-0.1720758,-0.6550657,0.1925425,-0.7100748,0.06
-0.08502531,1.579878,0.4733729,-0.08502531,24.38325,0.4733729,-0.169739,-0.6575862,0.1964666,-0.707227,0.06
-0.08032322,1.579504,0.4727364,-0.08032322,24.38945,0.4727364,-0.1686537,-0.6592884,0.1996759,-0.7049996,0.06
-0.07574916,1.579226,0.472193,-0.07574916,24.39517,0.472193,-0.1678165,-0.661004,0.2020604,-0.7029104,0.06
-0.07574916,1.579226,0.472193,-0.07574916,24.40081,0.472193,-0.1678165,-0.661004,0.2020604,-0.7029104,0.06
-0.07102823,1.578772,0.4715995,-0.07102823,24.40492,0.4715995,-0.166937,-0.6631343,0.2038945,-0.7005798,0.06
-0.06642437,1.578341,0.471035,-0.06642437,24.40849,0.471035,-0.1657191,-0.6652349,0.2050309,-0.6985429,0.06
-0.06226134,1.577735,0.4706517,-0.06226134,24.41118,0.4706517,-0.1637429,-0.6678605,0.2051857,-0.6964549,0.06
-0.05382967,1.576408,0.4700574,-0.05382967,24.41194,0.4700574,-0.1592838,-0.6731536,0.2057887,-0.6922023,0.06
-0.04990625,1.57579,0.4701922,-0.04990625,24.41367,0.4701922,-0.1575014,-0.6760561,0.2065005,-0.6895644,0.06
-0.04619837,1.575248,0.4702415,-0.04619837,24.41516,0.4702415,-0.1563875,-0.6786537,0.2071296,-0.6870732,0.06
-0.04619837,1.575248,0.4702415,-0.04619837,24.41738,0.4702415,-0.1563875,-0.6786537,0.2071296,-0.6870732,0.06
-0.04259944,1.574655,0.4704005,-0.04259944,24.41811,0.4704005,-0.1558769,-0.6814368,0.2067022,-0.6845587,0.06
-0.04259944,1.574655,0.4704005,-0.04259944,24.41975,0.4704005,-0.1558769,-0.6814368,0.2067022,-0.6845587,0.06
-0.03429627,1.57341,0.471018,-0.03429627,24.41867,0.471018,-0.1544586,-0.6873015,0.2020842,-0.6803831,0.06
-0.03429627,1.57341,0.471018,-0.03429627,24.41988,0.471018,-0.1544586,-0.6873015,0.2020842,-0.6803831,0.06
-0.02585554,1.572982,0.4719278,-0.02585554,24.42006,0.4719278,-0.1543198,-0.6914619,0.1944607,-0.6784179,0.06
-0.02074337,1.572926,0.4725493,-0.02074337,24.42082,0.4725493,-0.1537752,-0.6935545,0.1904872,-0.6775323,0.06
-0.01512194,1.572693,0.4734854,-0.01512194,24.42111,0.4734854,-0.1515197,-0.6955425,0.1862823,-0.6771716,0.06
-0.009253979,1.572201,0.4747629,-0.009253979,24.42076,0.4747629,-0.14841,-0.6981542,0.182409,-0.6762264,0.06
0.00235939,1.5705,0.4772793,0.00235939,24.4179,0.4772793,-0.1413136,-0.7037693,0.1783769,-0.6729941,0.06
0.00751853,1.569718,0.4786737,0.00751853,24.4168,0.4786737,-0.1379001,-0.7066317,0.1768137,-0.6711127,0.06
0.00751853,1.569718,0.4786737,0.00751853,24.4168,0.4786737,-0.1379001,-0.7066317,0.1768137,-0.6711127,0.06
0.01289845,1.568616,0.4799613,0.01289845,24.4157,0.4799613,-0.1344315,-0.7094856,0.1750444,-0.6692667,0.06
0.01800752,1.567466,0.4811996,0.01800752,24.41455,0.4811996,-0.1308388,-0.712177,0.1729496,-0.6676628,0.06
0.02241564,1.566326,0.482648,0.02241564,24.41341,0.482648,-0.1274266,-0.714289,0.1706193,-0.6666654,0.06
0.02241564,1.566326,0.482648,0.02241564,24.41341,0.482648,-0.1274266,-0.714289,0.1706193,-0.6666654,0.06
0.03727603,1.567084,0.4867438,0.03727603,24.41417,0.4867438,-0.1318323,-0.7172275,0.1839937,-0.6590534,0.06
0.04343724,1.571548,0.4879619,0.04343724,24.42528,0.4879619,-0.1390852,-0.7171414,0.1970013,-0.6538761,0.06
0.04343724,1.571548,0.4879619,0.04343724,24.42645,0.4879619,-0.1390852,-0.7171414,0.1970013,-0.6538761,0.06
0.05003881,1.577765,0.4888241,0.05003881,24.44024,0.4888241,-0.1430244,-0.7175792,0.2065208,-0.6495947,0.06
0.05615139,1.581103,0.4895203,0.05615139,24.44851,0.4895203,-0.1406024,-0.7190995,0.2048401,-0.6489741,0.06
0.06394243,1.58204,0.4897906,0.06394243,24.45224,0.4897906,-0.1322253,-0.7195972,0.1922151,-0.6540259,0.06
0.07028508,1.58113,0.4897574,0.07028508,24.45258,0.4897574,-0.1228162,-0.7202235,0.1781822,-0.6591248,0.06
0.07686949,1.580026,0.4902738,0.07686949,24.45287,0.4902738,-0.1149827,-0.7217367,0.1645457,-0.6624197,0.06
0.08390474,1.578703,0.4903499,0.08390474,24.4531,0.4903499,-0.1080479,-0.7227442,0.1527104,-0.6653165,0.06
0.09077859,1.577829,0.490047,0.09077859,24.45467,0.490047,-0.1019506,-0.723416,0.1449163,-0.667289,0.06
0.09699726,1.578815,0.4900932,0.09699726,24.46043,0.4900932,-0.1007394,-0.7234697,0.1448949,-0.6674193,0.06
0.1021755,1.580733,0.4898859,0.1021755,24.46858,0.4898859,-0.1044926,-0.7233629,0.151999,-0.6653749,0.06
0.1064973,1.583353,0.4890183,0.1064973,24.47872,0.4890183,-0.1113686,-0.7236003,0.1652928,-0.6608161,0.06
0.1154745,1.586636,0.4868711,0.1154745,24.49078,0.4868711,-0.1199815,-0.7245663,0.1803924,-0.6542682,0.06
0.1197338,1.588075,0.4859585,0.1197338,24.49981,0.4859585,-0.1233753,-0.7246022,0.1836574,-0.652687,0.06
0.1247554,1.589108,0.4847163,0.1247554,24.50868,0.4847163,-0.128215,-0.7235429,0.1845715,-0.6526715,0.06
0.1247554,1.589108,0.4847163,0.1247554,24.51616,0.4847163,-0.128215,-0.7235429,0.1845715,-0.6526715,0.06
0.1297209,1.589987,0.4835342,0.1297209,24.52604,0.4835342,-0.130977,-0.7226449,0.1826388,-0.6536608,0.06
0.1297209,1.589987,0.4835342,0.1297209,24.53477,0.4835342,-0.130977,-0.7226449,0.1826388,-0.6536608,0.06
0.1401436,1.592183,0.4817237,0.1401436,24.54844,0.4817237,-0.1295311,-0.7209365,0.1763372,-0.6575542,0.06
0.1457491,1.593287,0.4809057,0.1457491,24.56039,0.4809057,-0.1264099,-0.7210648,0.1763596,-0.6580148,0.06
0.1515334,1.594364,0.480217,0.1515334,24.57264,0.480217,-0.1219662,-0.7217338,0.1763518,-0.658122,0.06
0.1573472,1.595227,0.4793849,0.1573472,24.58469,0.4793849,-0.1182873,-0.7226791,0.1756769,-0.6579366,0.06
0.1634648,1.595994,0.4783056,0.1634648,24.59663,0.4783056,-0.1147922,-0.7241763,0.1740921,-0.6573305,0.06
0.1690474,1.596787,0.4774196,0.1690474,24.60857,0.4774196,-0.1127266,-0.7253264,0.1724072,-0.6568638,0.06
0.1752324,1.597081,0.4761275,0.1752324,24.61931,0.4761275,-0.1113067,-0.7261679,0.1701289,-0.6567703,0.06
0.1811337,1.597312,0.4749599,0.1811337,24.6296,0.4749599,-0.1104267,-0.7266757,0.1681757,-0.6568601,0.06
0.1866677,1.597477,0.4739939,0.1866677,24.63931,0.4739939,-0.1090768,-0.7272687,0.1666587,-0.6568161,0.06
0.1926906,1.597179,0.4727665,0.1926906,24.64757,0.4727665,-0.1082828,-0.7277561,0.1654115,-0.6567229,0.06
0.1986954,1.596824,0.4715725,0.1986954,24.65512,0.4715725,-0.1078772,-0.7280271,0.1654702,-0.6564744,0.06
0.2042575,1.596684,0.4705256,0.2042575,24.66245,0.4705256,-0.1075592,-0.728294,0.1655183,-0.6562185,0.06
0.2107577,1.596233,0.4691459,0.2107577,24.6685,0.4691459,-0.1078354,-0.728494,0.1656532,-0.6559169,0.06
0.2168431,1.595641,0.4678477,0.2168431,24.6736,0.4678477,-0.1082312,-0.7286355,0.1660974,-0.6555822,0.06
0.2225718,1.595344,0.4665732,0.2225718,24.67864,0.4665732,-0.1087897,-0.7285449,0.1665523,-0.6554751,0.06
0.2225718,1.595344,0.4665732,0.2225718,24.68366,0.4665732,-0.1087897,-0.7285449,0.1665523,-0.6554751,0.06
0.2343497,1.594133,0.4632679,0.2343497,24.68567,0.4632679,-0.1108298,-0.7280137,0.1666638,-0.6556951,0.06
0.2343497,1.594133,0.4632679,0.2343497,24.68957,0.4632679,-0.1108298,-0.7280137,0.1666638,-0.6556951,0.06
0.2410789,1.593294,0.4610761,0.2410789,24.6913,0.4610761,-0.1120911,-0.7276362,0.1659257,-0.6560868,0.06
0.2516575,1.592013,0.4571748,0.2516575,24.69171,0.4571748,-0.1140834,-0.7266057,0.1643916,-0.6572706,0.06
0.2570629,1.591543,0.4550937,0.2570629,24.69334,0.4550937,-0.114343,-0.7261862,0.1638372,-0.6578273,0.06
0.263478,1.590914,0.452378,0.263478,24.6943,0.452378,-0.1146743,-0.7257393,0.16353,-0.658339,0.06
0.2694123,1.590247,0.4496347,0.2694123,24.69488,0.4496347,-0.1144684,-0.7250673,0.163249,-0.6591846,0.06
0.2749295,1.589693,0.4471139,0.2749295,24.69542,0.4471139,-0.1134817,-0.7243996,0.1627591,-0.6602096,0.06
0.2808974,1.588826,0.4440905,0.2808974,24.6951,0.4440905,-0.111989,-0.7233542,0.1609062,-0.6620622,0.06
0.2868547,1.587795,0.440987,0.2868547,24.69424,0.440987,-0.1101355,-0.722398,0.1582721,-0.6640492,0.06
0.2927971,1.586623,0.437574,0.2927971,24.69293,0.437574,-0.1077097,-0.7212445,0.1541006,-0.6666769,0.06
0.2990532,1.585423,0.4340485,0.2990532,24.69141,0.4340485,-0.1058121,-0.7204949,0.1501193,-0.6686967,0.06
0.3053603,1.583947,0.4299169,0.3053603,24.68921,0.4299169,-0.1037522,-0.7196562,0.1453843,-0.6709649,0.06
0.3111963,1.58244,0.4261373,0.3111963,24.68683,0.4261373,-0.1023054,-0.7190529,0.1412544,-0.6727138,0.06
0.3180804,1.580436,0.4214231,0.3180804,24.68337,0.4214231,-0.1015841,-0.7181908,0.1368929,-0.6746429,0.06
0.3245082,1.578241,0.4169945,0.3245082,24.67944,0.4169945,-0.1010152,-0.7169629,0.1331585,-0.6767784,0.06
0.3302846,1.575736,0.4128693,0.3302846,24.67694,0.4128693,-0.09931,-0.7153774,0.1291543,-0.6794792,0.06
0.3365874,1.572537,0.408294,0.3365874,24.67373,0.408294,-0.0973247,-0.7136989,0.1248898,-0.6823228,0.06
0.3365874,1.572537,0.408294,0.3365874,24.67373,0.408294,-0.0973247,-0.7136989,0.1248898,-0.6823228,0.06
0.3497274,1.569348,0.3999083,0.3497274,24.67055,0.3999083,-0.1015048,-0.7086914,0.1266024,-0.6866041,0.06
0.3565526,1.570709,0.3961976,0.3565526,24.67191,0.3961976,-0.1090062,-0.7050725,0.133664,-0.6878404,0.06
0.3565526,1.570709,0.3961976,0.3565526,24.67191,0.3961976,-0.1090062,-0.7050725,0.133664,-0.6878404,0.06
0.3719194,1.579924,0.3887025,0.3719194,24.68112,0.3887025,-0.1321357,-0.6937678,0.1509276,-0.6916988,0.06
0.379112,1.581956,0.3851508,0.379112,24.6898,0.3851508,-0.1330276,-0.6901104,0.1469582,-0.6960278,0.06
0.3864501,1.581635,0.382213,0.3864501,24.69033,0.382213,-0.1255078,-0.6884825,0.1388188,-0.7006919,0.06
0.3933041,1.580751,0.3799978,0.3933041,24.68993,0.3799978,-0.1155926,-0.6886832,0.1341686,-0.7031022,0.06
0.3999324,1.580189,0.3783605,0.3999324,24.6904,0.3783605,-0.1056706,-0.6917959,0.1329071,-0.7018461,0.06
0.4060028,1.580487,0.3766838,0.4060028,24.69285,0.3766838,-0.0990903,-0.6940644,0.134693,-0.7002239,0.06
0.4111309,1.581512,0.3760382,0.4111309,24.69705,0.3760382,-0.09569142,-0.6966788,0.1421423,-0.6966186,0.06
0.4159067,1.582755,0.3749477,0.4159067,24.70203,0.3749477,-0.09694536,-0.6974863,0.1518744,-0.6935767,0.06
0.4195123,1.584695,0.3747748,0.4195123,24.70879,0.3747748,-0.1011761,-0.6981871,0.1684503,-0.6884204,0.06
0.4233842,1.586273,0.3743755,0.4233842,24.71526,0.3743755,-0.1031937,-0.6987132,0.178701,-0.6849941,0.06
0.4272718,1.587174,0.3745145,0.4272718,24.72085,0.3745145,-0.1036152,-0.699816,0.1806663,-0.683287,0.06
0.4320755,1.588259,0.3743731,0.4320755,24.72734,0.3743731,-0.1062973,-0.7002977,0.1780431,-0.6830701,0.06
0.4363656,1.589463,0.3739847,0.4363656,24.73464,0.3739847,-0.1100499,-0.7002094,0.1724972,-0.6839887,0.06
0.4407554,1.590769,0.3738005,0.4407554,24.74276,0.3738005,-0.1150622,-0.7002537,0.1625701,-0.6855483,0.06
0.4407554,1.590769,0.3738005,0.4407554,24.74891,0.3738005,-0.1150622,-0.7002537,0.1625701,-0.6855483,0.06
0.4505212,1.593766,0.3735979,0.4505212,24.76171,0.3735979,-0.1176299,-0.7005895,0.1499317,-0.6876467,0.06
0.4555805,1.594999,0.3734699,0.4555805,24.77165,0.3734699,-0.1167762,-0.7007671,0.1466525,-0.6883181,0.06
0.461158,1.596468,0.3735331,0.461158,24.78271,0.3735331,-0.1142473,-0.7007347,0.1439133,-0.6893529,0.06
0.4654274,1.597523,0.3736392,0.4654274,24.79355,0.3736392,-0.1114138,-0.7003364,0.1419161,-0.6906344,0.06
0.4704175,1.598524,0.373696,0.4704175,24.80483,0.373696,-0.1085703,-0.700275,0.1396875,-0.6916031,0.06
0.4759834,1.599401,0.3733174,0.4759834,24.81633,0.3733174,-0.106815,-0.7004124,0.1372392,-0.6922272,0.06
0.4805956,1.599912,0.3730677,0.4805956,24.82745,0.3730677,-0.1058822,-0.7003193,0.1354971,-0.6928077,0.06
0.4852872,1.599952,0.3726717,0.4852872,24.83785,0.3726717,-0.1055625,-0.7003452,0.1340955,-0.6931028,0.06
0.4899933,1.600064,0.3722179,0.4899933,24.84848,0.3722179,-0.1055054,-0.7005493,0.1329071,-0.6931342,0.06
0.4939289,1.599935,0.3717922,0.4939289,24.85857,0.3717922,-0.1057976,-0.7006152,0.1320413,-0.6931885,0.06
0.4979448,1.599973,0.3713716,0.4979448,24.8688,0.3713716,-0.1063613,-0.700622,0.1311585,-0.693263,0.06
0.501734,1.600059,0.3709844,0.501734,24.8788,0.3709844,-0.1068845,-0.7006332,0.1304823,-0.6932988,0.06
0.5051341,1.600264,0.3708977,0.5051341,24.8886,0.3708977,-0.1073949,-0.7005795,0.1301104,-0.6933441,0.06
0.5088344,1.600427,0.3704726,0.5088344,24.89778,0.3704726,-0.1075829,-0.7010013,0.1299569,-0.6929172,0.06
0.5128164,1.600692,0.370006,0.5128164,24.90656,0.370006,-0.1072531,-0.7020169,0.1295955,-0.6920072,0.06
0.5161934,1.600959,0.3694769,0.5161934,24.91471,0.3694769,-0.1066226,-0.7033093,0.1293729,-0.6908331,0.06
0.5193117,1.601205,0.3688976,0.5193117,24.92215,0.3688976,-0.1061654,-0.7054621,0.1295603,-0.6886699,0.06
0.5193117,1.601205,0.3688976,0.5193117,24.92843,0.3688976,-0.1061654,-0.7054621,0.1295603,-0.6886699,0.06
0.5257623,1.601426,0.3673149,0.5257623,24.93451,0.3673149,-0.1059748,-0.7099001,0.1289188,-0.6842449,0.06
0.5289202,1.601197,0.3664232,0.5289202,24.93907,0.3664232,-0.106638,-0.7116785,0.1283906,-0.6823914,0.06
0.5322227,1.600864,0.3655854,0.5322227,24.94284,0.3655854,-0.1075281,-0.7137134,0.1280881,-0.6801797,0.06
0.5346413,1.600463,0.3649272,0.5346413,24.94594,0.3649272,-0.1083737,-0.7154227,0.1277304,-0.6783145,0.06
0.5374298,1.599862,0.3642596,0.5374298,24.94814,0.3642596,-0.1094384,-0.7175537,0.1276171,-0.6759097,0.06
0.5406902,1.5992,0.3635215,0.5406902,24.94979,0.3635215,-0.111291,-0.7196031,0.1281018,-0.6733318,0.06
0.5434361,1.598601,0.3628473,0.5434361,24.95116,0.3628473,-0.1126777,-0.7216672,0.1289009,-0.6707346,0.06
0.5464129,1.597703,0.362206,0.5464129,24.95159,0.362206,-0.1145033,-0.7238761,0.1300869,-0.6678098,0.06
0.5496087,1.596851,0.3616991,0.5496087,24.9518,0.3616991,-0.116092,-0.7260119,0.1318416,-0.6648663,0.06
0.5524943,1.595825,0.3613718,0.5524943,24.9514,0.3613718,-0.1176413,-0.7286478,0.1341716,-0.6612344,0.06
0.5559456,1.594777,0.3609415,0.5559456,24.95071,0.3609415,-0.1186907,-0.7311126,0.1367195,-0.6577953,0.06
0.5596001,1.593587,0.3607649,0.5596001,24.94954,0.3607649,-0.119158,-0.7338249,0.1399942,-0.6539909,0.06
0.563056,1.592329,0.3607737,0.563056,24.94805,0.3607737,-0.1188187,-0.736638,0.1433724,-0.6501468,0.06
0.5670719,1.590804,0.3610009,0.5670719,24.94588,0.3610009,-0.1170742,-0.7401437,0.1470682,-0.6456407,0.06
0.5716596,1.589137,0.3613862,0.5716596,24.9433,0.3613862,-0.1144848,-0.7443084,0.1496463,-0.6407061,0.06
0.5755262,1.58745,0.3618919,0.5755262,24.94056,0.3618919,-0.1106914,-0.748499,0.1504715,-0.6362822,0.06
0.5798852,1.585387,0.3624572,0.5798852,24.93698,0.3624572,-0.1067784,-0.7530054,0.1501643,-0.6316896,0.06
0.5798852,1.585387,0.3624572,0.5798852,24.93744,0.3624572,-0.1067784,-0.7530054,0.1501643,-0.6316896,0.06
0.5869865,1.582041,0.3639899,0.5869865,24.93114,0.3639899,-0.1012195,-0.7602674,0.1504237,-0.6237956,0.06
0.5918927,1.579534,0.3650228,0.5918927,24.92863,0.3650228,-0.09885735,-0.7646559,0.1503951,-0.6187972,0.06
0.5918927,1.579534,0.3650228,0.5918927,24.92863,0.3650228,-0.09885735,-0.7646559,0.1503951,-0.6187972,0.06
0.5955765,1.577476,0.36584,0.5955765,24.92657,0.36584,-0.0967082,-0.7680593,0.1506532,-0.6148464,0.06
0.5986211,1.575379,0.366938,0.5986211,24.92448,0.366938,-0.0944203,-0.7715447,0.1514556,-0.6106266,0.06
0.6027079,1.573313,0.36797,0.6027079,24.92241,0.36797,-0.09386372,-0.7749089,0.1548755,-0.6055737,0.06
0.6057096,1.572275,0.3687272,0.6057096,24.92137,0.3687272,-0.09411322,-0.7771419,0.1597161,-0.6014015,0.06
0.6090784,1.572779,0.369572,0.6090784,24.92188,0.369572,-0.09841056,-0.7789137,0.1696489,-0.5956745,0.06
0.6144192,1.576538,0.3700835,0.6144192,24.93229,0.3700835,-0.1070634,-0.7792339,0.1865482,-0.5886696,0.06
0.6231854,1.580428,0.3708295,0.6231854,24.94123,0.3708295,-0.1086072,-0.7846661,0.1961102,-0.5779659,0.06
0.6277127,1.578314,0.3704472,0.6277127,24.93837,0.3704472,-0.1041283,-0.7874088,0.1918031,-0.5765035,0.06
0.6321144,1.576099,0.370223,0.6321144,24.93553,0.370223,-0.09954179,-0.7910339,0.1895276,-0.5730935,0.06
0.6360087,1.573026,0.3699615,0.6360087,24.93124,0.3699615,-0.0944928,-0.7959954,0.1836277,-0.5689846,0.06
0.6403797,1.570353,0.3691772,0.6403797,24.92805,0.3691772,-0.09106103,-0.7997606,0.1783093,-0.5659474,0.06
0.6445878,1.568099,0.3679304,0.6445878,24.92604,0.3679304,-0.08813029,-0.8036374,0.1741355,-0.5622072,0.06
0.6477389,1.567252,0.367144,0.6477389,24.92722,0.367144,-0.08996025,-0.8064225,0.1750558,-0.5576248,0.06
0.6477389,1.567252,0.367144,0.6477389,24.93054,0.367144,-0.08996025,-0.8064225,0.1750558,-0.5576248,0.06
0.650383,1.567229,0.3660004,0.650383,24.93428,0.3660004,-0.09568972,-0.8078231,0.1821004,-0.552363,0.06
0.650383,1.567229,0.3660004,0.650383,24.9386,0.3660004,-0.09568972,-0.8078231,0.1821004,-0.552363,0.06
0.656311,1.56767,0.3613831,0.656311,24.94438,0.3613831,-0.1167588,-0.8131483,0.2072964,-0.5312114,0.06
0.656311,1.56767,0.3613831,0.656311,24.94988,0.3613831,-0.1167588,-0.8131483,0.2072964,-0.5312114,0.06
0.6583407,1.568083,0.3597345,0.6583407,24.95685,0.3597345,-0.1222177,-0.8143265,0.2122611,-0.5261943,0.06
0.6604085,1.568915,0.3579422,0.6604085,24.96532,0.3579422,-0.1268995,-0.815514,0.2148743,-0.5221711,0.06
0.6655226,1.571025,0.3543309,0.6655226,24.97702,0.3543309,-0.1284721,-0.8183157,0.2148606,-0.5173869,0.06
0.6683559,1.572068,0.3526951,0.6683559,24.98722,0.3526951,-0.126362,-0.8199536,0.2145175,-0.5154521,0.06
0.6717634,1.572917,0.3508757,0.6717634,24.99766,0.3508757,-0.1212285,-0.8221074,0.2134693,-0.5136867,0.06
0.6750882,1.573583,0.3490936,0.6750882,25.00827,0.3490936,-0.1170176,-0.8242671,0.2123382,-0.5116671,0.06
0.6785836,1.574308,0.3471215,0.6785836,25.01946,0.3471215,-0.1125671,-0.8265129,0.2104716,-0.5098106,0.06
0.6816666,1.574954,0.3449174,0.6816666,25.03085,0.3449174,-0.1088628,-0.8290871,0.2081861,-0.5073678,0.06
0.6845231,1.575664,0.3425771,0.6845231,25.04259,0.3425771,-0.1067898,-0.8316258,0.2067597,-0.5042271,0.06
0.6869588,1.576282,0.3399601,0.6869588,25.05423,0.3399601,-0.1054806,-0.8339559,0.205146,-0.5013048,0.06
0.6869588,1.576282,0.3399601,0.6869588,25.06458,0.3399601,-0.1054806,-0.8339559,0.205146,-0.5013048,0.06
0.6869588,1.576282,0.3399601,0.6869588,25.07474,0.3399601,-0.1054806,-0.8339559,0.205146,-0.5013048,0.06
0.6913862,1.577022,0.3350157,0.6913862,25.08604,0.3350157,0.1039947,0.838381,-0.2051878,0.4941664,0.06
0.6954577,1.577163,0.3303266,0.6954577,25.09571,0.3303266,0.1029618,0.8417428,-0.209452,0.4868243,0.06
0.6976616,1.57718,0.3278953,0.6976616,25.1046,0.3278953,0.1024011,0.8432592,-0.2117175,0.4833256,0.06
0.7000697,1.577038,0.3252856,0.7000697,25.11257,0.3252856,0.1021684,0.8443689,-0.2137968,0.4805142,0.06
0.7026358,1.576877,0.3224534,0.7026358,25.11986,0.3224534,0.1022868,0.8452886,-0.2157055,0.4780124,0.06
0.7050772,1.576777,0.3197534,0.7050772,25.12661,0.3197534,0.1027428,0.8459343,-0.2170376,0.4761657,0.06
0.7079899,1.576482,0.3167094,0.7079899,25.13231,0.3167094,0.1038598,0.8462715,-0.2173319,0.4751892,0.06
0.7105298,1.576237,0.3138317,0.7105298,25.13745,0.3138317,0.1042974,0.8469187,-0.2178632,0.4736944,0.06
0.7131057,1.575987,0.3105677,0.7131057,25.14197,0.3105677,0.1052856,0.8469158,-0.2186197,0.4731321,0.06
0.7161009,1.57571,0.3072411,0.7161009,25.14585,0.3072411,0.105931,0.847,-0.2194896,0.4724341,0.06
0.7186029,1.575118,0.3038346,0.7186029,25.14857,0.3038346,0.106165,0.8469157,-0.2200801,0.472258,0.06
0.7211196,1.574584,0.3003755,0.7211196,25.15091,0.3003755,0.1058038,0.8470591,-0.2205904,0.4718436,0.06
0.7239952,1.574029,0.2964879,0.7239952,25.15276,0.2964879,0.1042381,0.8473194,-0.2204246,0.4718021,0.06
0.7267861,1.573385,0.2923714,0.7267861,25.15405,0.2923714,0.101447,0.8480366,-0.2198533,0.4713884,0.06
0.7272553,1.572094,0.2890722,0.7272553,25.15369,0.2890722,0.09809654,0.8489186,-0.218965,0.4709231,0.06
0.7299697,1.57146,0.2846707,0.7299697,25.15434,0.2846707,0.09420235,0.8498694,-0.217879,0.4705068,0.06
0.7299697,1.57146,0.2846707,0.7299697,25.15598,0.2846707,0.09420235,0.8498694,-0.217879,0.4705068,0.06
0.7341516,1.569978,0.2762629,0.7341516,25.15443,0.2762629,0.08763992,0.8515775,-0.2166386,0.4692577,0.06
0.7369802,1.569417,0.2716231,0.7369802,25.15451,0.2716231,0.08543128,0.8519544,-0.2166941,0.4689551,0.06
0.7396927,1.568811,0.2668325,0.7396927,25.15433,0.2668325,0.0834755,0.8523947,-0.217072,0.468332,0.06
0.7419105,1.568121,0.2620975,0.7419105,25.15383,0.2620975,0.08138999,0.8528726,-0.2170886,0.467821,0.06
0.7450371,1.567577,0.2567955,0.7450371,25.1535,0.2567955,0.07972131,0.8532626,-0.2168827,0.4674927,0.06
0.7478788,1.566916,0.2511861,0.7478788,25.15281,0.2511861,0.07764576,0.8541591,-0.2153009,0.4669358,0.06
0.7505329,1.565804,0.2459265,0.7505329,25.15113,0.2459265,0.07513624,0.8552508,-0.2125529,0.4666067,0.06
0.7534821,1.564239,0.2401602,0.7534821,25.14956,0.2401602,0.07306072,0.8565763,-0.2082153,0.4664608,0.06
0.7559235,1.562956,0.2345768,0.7559235,25.14828,0.2345768,0.07176653,0.8579091,-0.2049452,0.4656598,0.06
0.7584233,1.562129,0.2286733,0.7584233,25.14746,0.2286733,0.07136052,0.8590693,-0.2027051,0.4645625,0.06
0.7610686,1.561676,0.2229402,0.7610686,25.147,0.2229402,0.07139297,0.8601269,-0.2024436,0.4627108,0.06
0.7630851,1.561884,0.2174378,0.7630851,25.14721,0.2174378,0.07228651,0.8606696,-0.2051625,0.4603595,0.06
0.7651465,1.561833,0.2120751,0.7651465,25.14716,0.2120751,0.07164396,0.8616111,-0.2071041,0.4578225,0.06
0.7676549,1.562302,0.2063691,0.7676549,25.14763,0.2063691,0.07265864,0.8621889,-0.2119052,0.4543647,0.06
0.7702458,1.563107,0.2001892,0.7702458,25.14843,0.2001892,0.07180921,0.8632833,-0.2143093,0.4512837,0.06
0.7727051,1.563352,0.1945566,0.7727051,25.14868,0.1945566,0.06987993,0.86511,-0.213731,0.4483533,0.06
0.7755985,1.562874,0.1885887,0.7755985,25.1482,0.1885887,0.06760183,0.8670161,-0.2116543,0.4459995,0.06
0.7755985,1.562874,0.1885887,0.7755985,25.1482,0.1885887,0.06760183,0.8670161,-0.2116543,0.4459995,0.06
0.7755985,1.562874,0.1885887,0.7755985,25.1482,0.1885887,0.06760183,0.8670161,-0.2116543,0.4459995,0.06
0.7809565,1.561306,0.17721,0.7809565,25.14663,0.17721,0.05904412,0.8715571,-0.2100672,0.4390601,0.06
0.7849665,1.560187,0.1675593,0.7849665,25.14551,0.1675593,0.05326826,0.8754196,-0.2194422,0.4273736,0.06
0.786232,1.559698,0.1631216,0.786232,25.14454,0.1631216,0.0514907,0.8771456,-0.2281509,0.419418,0.06
0.7873366,1.559349,0.1589604,0.7873366,25.14384,0.1589604,0.0503886,0.8788193,-0.2380681,0.4104402,0.06
0.7883167,1.559147,0.1549069,0.7883167,25.14343,0.1549069,0.04969225,0.8804494,-0.2461748,0.4021662,0.06
0.7893844,1.559371,0.1505796,0.7893844,25.14388,0.1505796,0.05072858,0.8825442,-0.2528606,0.3931971,0.06
0.790292,1.559629,0.1465715,0.790292,25.1444,0.1465715,0.05328191,0.884873,-0.255513,0.385842,0.06
0.7911305,1.559828,0.1424824,0.7911305,25.14479,0.1424824,0.0555299,0.8871474,-0.255609,0.3801974,0.06
0.792541,1.560472,0.1383382,0.792541,25.14608,0.1383382,0.05809382,0.8897293,-0.2533601,0.3752539,0.06
0.7940688,1.560891,0.1341299,0.7940688,25.14692,0.1341299,0.0591808,0.8923821,-0.2518204,0.3697815,0.06
0.795459,1.561514,0.1303321,0.795459,25.14817,0.1303321,0.05896774,0.8949999,-0.2511355,0.3639081,0.06
0.7972047,1.56229,0.1263784,0.7972047,25.14972,0.1263784,0.05779782,0.8972901,-0.2518773,0.3578935,0.06
0.7988961,1.562945,0.1226591,0.7988961,25.15103,0.1226591,0.0558487,0.8995063,-0.2532077,0.3516464,0.06
0.8002636,1.563406,0.1190013,0.8002636,25.15195,0.1190013,0.05457558,0.9014766,-0.2547934,0.3456035,0.06
0.8019958,1.563901,0.1150871,0.8019958,25.15294,0.1150871,0.05322168,0.9034333,-0.2566118,0.3393026,0.06
0.8037062,1.564178,0.1115512,0.8037062,25.1535,0.1115512,0.05182049,0.9050493,-0.2584129,0.3338011,0.06
0.8037062,1.564178,0.1115512,0.8037062,25.1535,0.1115512,0.05182049,0.9050493,-0.2584129,0.3338011,0.06
0.8037062,1.564178,0.1115512,0.8037062,25.1535,0.1115512,0.05182049,0.9050493,-0.2584129,0.3338011,0.06
0.8070607,1.56495,0.1046334,0.8070607,25.15504,0.1046334,0.04870206,0.9082021,-0.2626057,0.322235,0.06
0.8088806,1.56523,0.1008335,0.8088806,25.1556,0.1008335,0.04672944,0.9099655,-0.2652099,0.3153457,0.06
0.8115613,1.565648,0.09525906,0.8115613,25.15644,0.09525906,0.04339123,0.9127415,-0.2694332,0.3040164,0.06
0.8133311,1.565768,0.09189664,0.8133311,25.15668,0.09189664,0.04102574,0.9144179,-0.2718101,0.2971129,0.06
0.8146162,1.565838,0.08942638,0.8146162,25.15682,0.08942638,0.03962464,0.9157359,-0.2735366,0.2916084,0.06
0.8160207,1.565847,0.08648191,0.8160207,25.15683,0.08648191,0.03828922,0.9172161,-0.2748675,0.2858259,0.06
0.8176019,1.565613,0.08380781,0.8176019,25.15637,0.08380781,0.03708608,0.9187534,-0.2755927,0.2802955,0.06
0.8193109,1.56532,0.08107124,0.8193109,25.15578,0.08107124,0.03622875,0.9203427,-0.2760613,0.2746762,0.06
0.8207316,1.565007,0.07867752,0.8207316,25.15516,0.07867752,0.03613223,0.9220237,-0.2759587,0.2690979,0.06
0.8224945,1.564759,0.07602011,0.8224945,25.15466,0.07602011,0.03617627,0.9235316,-0.275927,0.2639035,0.06
0.8240044,1.56392,0.07392441,0.8240044,25.15382,0.07392441,0.03644741,0.9253167,-0.2752482,0.2582616,0.06
0.8257959,1.562973,0.07177053,0.8257959,25.15287,0.07177053,0.03611232,0.9272883,-0.2745534,0.2518985,0.06
0.8257959,1.562973,0.07177053,0.8257959,25.15287,0.07177053,0.03611232,0.9272883,-0.2745534,0.2518985,0.06
0.8284032,1.56031,0.06898747,0.8284032,25.15021,0.06898747,0.03454527,0.9307859,-0.2746493,0.2387719,0.06
0.829747,1.559211,0.06772767,0.829747,25.14911,0.06772767,0.0332205,0.9320952,-0.2766678,0.2314087,0.06
0.8310091,1.55806,0.06695329,0.8310091,25.14796,0.06695329,0.03144334,0.933069,-0.2804103,0.2230779,0.06
0.8322651,1.55752,0.06593738,0.8322651,25.14742,0.06593738,0.03026721,0.9332601,-0.2862321,0.2148968,0.06
0.8335361,1.557546,0.06514488,0.8335361,25.14745,0.06514488,0.02851775,0.9332729,-0.2928347,0.2060007,0.06
0.8349848,1.55748,0.0642799,0.8349848,25.14738,0.0642799,0.02664487,0.93383,-0.2968772,0.1977766,0.06
0.8363013,1.556712,0.06365858,0.8363013,25.14661,0.06365858,0.02487404,0.9349664,-0.2982575,0.1904249,0.06
0.837923,1.555565,0.06247793,0.837923,25.14547,0.06247793,0.02221035,0.9364868,-0.2979385,0.1836624,0.06
0.8394473,1.554686,0.06149088,0.8394473,25.14459,0.06149088,0.02001931,0.9379821,-0.2976223,0.1766631,0.06
0.8409083,1.553762,0.06048761,0.8409083,25.14366,0.06048761,0.01795526,0.9396002,-0.2965392,0.1699811,0.06
0.8422158,1.552531,0.0592197,0.8422158,25.14243,0.0592197,0.01622913,0.9412925,-0.2950146,0.163314,0.06
0.8434534,1.550989,0.05766068,0.8434534,25.14089,0.05766068,0.01525439,0.9429284,-0.2932893,0.1569543,0.06
0.8445845,1.549783,0.05586277,0.8445845,25.13968,0.05586277,0.01461089,0.944312,-0.292144,0.1507097,0.06
0.8454337,1.549228,0.05360781,0.8454337,25.13913,0.05360781,0.01415513,0.9453313,-0.2917503,0.1450176,0.06
0.8462834,1.549098,0.0510727,0.8462834,25.139,0.0510727,0.0137602,0.9459114,-0.2927361,0.1391688,0.06
0.8467588,1.5495,0.048205,0.8467588,25.1394,0.048205,0.01455935,0.9461102,-0.2946804,0.1335181,0.06
0.84673,1.549751,0.04509459,0.84673,25.13965,0.04509459,0.01592912,0.9463903,-0.2960749,0.1281846,0.06
0.84673,1.549751,0.04509459,0.84673,25.13965,0.04509459,0.01592912,0.9463903,-0.2960749,0.1281846,0.06
0.8464692,1.550146,0.03888689,0.8464692,25.14044,0.03888689,0.01901679,0.9466028,-0.2987278,0.1197635,0.06
0.8461485,1.550323,0.03597651,0.8461485,25.1408,0.03597651,0.01999979,0.9463081,-0.3012282,0.1155969,0.06
0.8457215,1.550647,0.03281175,0.8457215,25.14145,0.03281175,0.02023691,0.9459549,-0.3036778,0.1119807,0.06
0.8452647,1.550837,0.02961288,0.8452647,25.14182,0.02961288,0.0195457,0.9458396,-0.3056007,0.1077668,0.06
0.8445139,1.551086,0.02637564,0.8445139,25.14232,0.02637564,0.01754304,0.9457715,-0.3076059,0.1028947,0.06
0.8438792,1.551273,0.02306829,0.8438792,25.1427,0.02306829,0.01487021,0.9458905,-0.3091964,0.09730175,0.06
0.8429985,1.551495,0.01982962,0.8429985,25.14314,0.01982962,0.01119226,0.9461798,-0.3103572,0.09108701,0.06
0.8422632,1.551682,0.01621662,0.8422632,25.14351,0.01621662,0.007156458,0.9466195,-0.3110013,0.08449049,0.06
0.8414409,1.551657,0.01285683,0.8414409,25.14347,0.01285683,0.002856499,0.947161,-0.3109169,0.07879495,0.06
0.8405855,1.551519,0.009229527,0.8405855,25.14319,0.009229527,-0.001120342,0.9479796,-0.3097039,0.07359934,0.06
0.839618,1.551466,0.005231963,0.839618,25.14308,0.005231963,-0.004727066,0.9489242,-0.3078943,0.06871365,0.06
0.8386965,1.551317,0.001106844,0.8386965,25.14278,0.001106844,-0.008113853,0.9499609,-0.3055939,0.06419339,0.06
0.8377435,1.551145,-0.002899303,0.8377435,25.14244,-0.002899303,-0.01124101,0.9508612,-0.3036965,0.05920315,0.06
0.8364284,1.55094,-0.007098093,0.8364284,25.14203,-0.007098093,-0.0144878,0.9516301,-0.3020509,0.05436597,0.06
0.835248,1.550707,-0.01108779,0.835248,25.14157,-0.01108779,-0.0169168,0.9521573,-0.3011268,0.04932475,0.06
0.8338811,1.550277,-0.01518764,0.8338811,25.14071,-0.01518764,-0.01934377,0.9524792,-0.300699,0.04460066,0.06
0.8323231,1.549913,-0.01933993,0.8323231,25.13998,-0.01933993,-0.02133143,0.9526429,-0.3006784,0.04011285,0.06
0.8323231,1.549913,-0.01933993,0.8323231,25.13998,-0.01933993,-0.02133143,0.9526429,-0.3006784,0.04011285,0.06
0.8323231,1.549913,-0.01933993,0.8323231,25.13998,-0.01933993,-0.02133143,0.9526429,-0.3006784,0.04011285,0.06
0.8289571,1.548927,-0.02845873,0.8289571,25.13899,-0.02845873,-0.02439114,0.9528172,-0.3009185,0.03150591,0.06
0.8255925,1.548096,-0.03687395,0.8255925,25.13816,-0.03687395,-0.02637965,0.9531742,-0.3002805,0.02438745,0.06
0.8236883,1.547777,-0.04128994,0.8236883,25.13784,-0.04128994,-0.02743509,0.9533989,-0.2997766,0.0202967,0.06
0.8214285,1.547398,-0.04574002,0.8214285,25.13746,-0.04574002,-0.0280407,0.9537067,-0.2989928,0.01614526,0.06
0.8191028,1.546987,-0.05027975,0.8191028,25.13705,-0.05027975,-0.0287109,0.9541188,-0.2978073,0.01198815,0.06
0.8164873,1.546533,-0.05487026,0.8164873,25.1366,-0.05487026,-0.02904852,0.9546176,-0.2963201,0.007470501,0.06
0.8136864,1.546022,-0.05942596,0.8136864,25.13609,-0.05942596,-0.0295392,0.9551248,-0.2947052,0.003593339,0.06
0.8106973,1.545422,-0.0644554,0.8106973,25.13549,-0.0644554,-0.02996899,0.955641,-0.2930041,-0.0009371066,0.06
0.8071079,1.544971,-0.0687343,0.8071079,25.13504,-0.0687343,-0.03065764,0.9561903,-0.2910991,-0.004656279,0.06
0.8039672,1.544173,-0.07312001,0.8039672,25.13424,-0.07312001,-0.03143724,0.9567633,-0.2890446,-0.008302539,0.06
0.8007724,1.543228,-0.07779802,0.8007724,25.13329,-0.07779802,-0.03252991,0.9573727,-0.2867628,-0.01210446,0.06
0.7971163,1.542431,-0.08202423,0.7971163,25.1325,-0.08202423,-0.03396027,0.9579569,-0.2844515,-0.01589505,0.06
0.7935114,1.541215,-0.08630766,0.7935114,25.13128,-0.08630766,-0.03592267,0.9588057,-0.2810886,-0.01975928,0.06
0.7901545,1.53987,-0.09055914,0.7901545,25.12993,-0.09055914,-0.03820976,0.9595749,-0.2778385,-0.02370119,0.06
0.7864256,1.538275,-0.09458555,0.7864256,25.12834,-0.09458555,-0.04075531,0.9604374,-0.2741137,-0.02758131,0.06
0.7826924,1.537017,-0.09874429,0.7826924,25.12708,-0.09874429,-0.04355038,0.9607878,-0.2719926,-0.0317836,0.06
0.7826924,1.537017,-0.09874429,0.7826924,25.12708,-0.09874429,-0.04355038,0.9607878,-0.2719926,-0.0317836,0.06
0.7751765,1.538582,-0.1078946,0.7751765,25.12865,-0.1078946,-0.05229005,0.9575208,-0.280401,-0.04236764,0.06
0.7714741,1.540246,-0.1122831,0.7714741,25.13031,-0.1122831,-0.05457014,0.9560931,-0.2839977,-0.04747039,0.06
0.7714741,1.540246,-0.1122831,0.7714741,25.13031,-0.1122831,-0.05457014,0.9560931,-0.2839977,-0.04747039,0.06
0.7670028,1.541728,-0.117618,0.7670028,25.13179,-0.117618,-0.05611742,0.9556802,-0.2843202,-0.05184849,0.06
0.7630355,1.542279,-0.1222083,0.7630355,25.13234,-0.1222083,-0.05657525,0.957029,-0.2791324,-0.05458834,0.06
0.7585392,1.542796,-0.1276499,0.7585392,25.13286,-0.1276499,-0.05799715,0.9584224,-0.2731892,-0.05857114,0.06
0.7519617,1.543885,-0.1357783,0.7519617,25.13395,-0.1357783,-0.06426602,0.9592149,-0.2669454,-0.06720784,0.06
0.7484202,1.544188,-0.1397587,0.7484202,25.13425,-0.1397587,-0.06882227,0.9587341,-0.2659627,-0.07318669,0.06
0.7444961,1.544761,-0.143902,0.7444961,25.1354,-0.143902,-0.07462851,0.9574127,-0.2670845,-0.08035871,0.06
0.7408502,1.545519,-0.1471762,0.7408502,25.13692,-0.1471762,-0.08086939,0.9554992,-0.269776,-0.08776363,0.06
0.7373598,1.546188,-0.1503891,0.7373598,25.13825,-0.1503891,-0.08597925,0.9536057,-0.2723877,-0.09512485,0.06
0.733954,1.546934,-0.1533591,0.733954,25.13975,-0.1533591,-0.09071092,0.9516599,-0.2749761,-0.1024848,0.06
0.7304816,1.547569,-0.1563293,0.7304816,25.14102,-0.1563293,-0.09404667,0.9503067,-0.275918,-0.1092783,0.06
0.7271333,1.548056,-0.1591824,0.7271333,25.14199,-0.1591824,-0.09531087,0.9494853,-0.2757874,-0.1154768,0.06
0.7239392,1.548537,-0.1621927,0.7239392,25.14295,-0.1621927,-0.09603922,0.9489508,-0.2748134,-0.1214358,0.06
0.7207353,1.549138,-0.1648644,0.7207353,25.14415,-0.1648644,-0.09655893,0.9483824,-0.2739861,-0.1271964,0.06
0.7178535,1.549567,-0.1675619,0.7178535,25.14501,-0.1675619,-0.09829107,0.9475484,-0.2734673,-0.1330661,0.06
0.7178535,1.549567,-0.1675619,0.7178535,25.14501,-0.1675619,-0.09829107,0.9475484,-0.2734673,-0.1330661,0.06
0.7178535,1.549567,-0.1675619,0.7178535,25.14501,-0.1675619,-0.09829107,0.9475484,-0.2734673,-0.1330661,0.06
0.7119248,1.55061,-0.1732279,0.7119248,25.1471,-0.1732279,-0.1032173,0.945158,-0.2735484,-0.1455809,0.06
0.7065363,1.551506,-0.1787068,0.7065363,25.14889,-0.1787068,-0.1075038,0.942676,-0.2735833,-0.1579781,0.06
0.7037177,1.551941,-0.1815063,0.7037177,25.14976,-0.1815063,-0.109076,0.9416479,-0.273081,-0.163794,0.06
0.7012293,1.552279,-0.1842026,0.7012293,25.15043,-0.1842026,-0.1103642,0.9408483,-0.2718158,-0.16953,0.06
0.6985137,1.552455,-0.1869599,0.6985137,25.15079,-0.1869599,-0.1121074,0.9398592,-0.2707186,-0.1755224,0.06
0.6956854,1.552735,-0.1895124,0.6956854,25.15135,-0.1895124,-0.1132778,0.938974,-0.2694862,-0.1813098,0.06
0.6930394,1.552762,-0.1921426,0.6930394,25.1514,-0.1921426,-0.1147554,0.937888,-0.2684305,-0.1874629,0.06
0.6912162,1.552611,-0.1941556,0.6912162,25.1511,-0.1941556,-0.1157294,0.9369571,-0.2677641,-0.1924075,0.06
0.6879086,1.552511,-0.1972846,0.6879086,25.1509,-0.1972846,-0.1179397,0.9351572,-0.2671963,-0.2004433,0.06
0.6854928,1.55233,-0.1996724,0.6854928,25.15054,-0.1996724,-0.1198225,0.933724,-0.2667769,-0.2064757,0.06
0.6831527,1.552054,-0.2020832,0.6831527,25.14999,-0.2020832,-0.1220235,0.9320778,-0.2664838,-0.2129032,0.06
0.6806757,1.55182,-0.204374,0.6806757,25.14952,-0.204374,-0.1244699,0.9305216,-0.2657811,-0.2190828,0.06
0.678405,1.551538,-0.2066285,0.678405,25.14896,-0.2066285,-0.1270713,0.9288053,-0.2650892,-0.2256134,0.06
0.6759188,1.551213,-0.2091543,0.6759188,25.14831,-0.2091543,-0.1302167,0.9268433,-0.2642559,-0.2327529,0.06
0.6735926,1.550932,-0.2112399,0.6735926,25.14775,-0.2112399,-0.1328645,0.9250172,-0.2635996,-0.2391766,0.06
0.6714544,1.550427,-0.213365,0.6714544,25.14674,-0.213365,-0.135837,0.9230142,-0.2629143,-0.2459049,0.06
0.6714544,1.550427,-0.213365,0.6714544,25.14674,-0.213365,-0.135837,0.9230142,-0.2629143,-0.2459049,0.06
0.6714544,1.550427,-0.213365,0.6714544,25.14674,-0.213365,-0.135837,0.9230142,-0.2629143,-0.2459049,0.06
0.6675162,1.549377,-0.2175325,0.6675162,25.14569,-0.2175325,-0.1420173,0.918362,-0.2622907,-0.2600882,0.06
0.6638243,1.548355,-0.2219254,0.6638243,25.14466,-0.2219254,-0.1490533,0.9130334,-0.262772,-0.2740513,0.06
0.6619129,1.548153,-0.2240435,0.6619129,25.14446,-0.2240435,-0.1523618,0.9102858,-0.2632031,-0.2808733,0.06
0.6602798,1.547882,-0.2261702,0.6602798,25.14419,-0.2261702,-0.155507,0.9074792,-0.2638344,-0.2875595,0.06
0.6585679,1.54775,-0.2288724,0.6585679,25.14406,-0.2288724,-0.1582833,0.9045646,-0.2642169,-0.2947858,0.06
0.657326,1.547648,-0.2310163,0.657326,25.14396,-0.2310163,-0.1603396,0.9021936,-0.2638132,-0.3012318,0.06
0.6558521,1.547531,-0.2334455,0.6558521,25.14384,-0.2334455,-0.1614801,0.9000574,-0.2633516,-0.3073547,0.06
0.6545374,1.547474,-0.2361006,0.6545374,25.14378,-0.2361006,-0.1623944,0.8978571,-0.2630126,-0.3135365,0.06
0.6535523,1.547569,-0.2384778,0.6535523,25.14388,-0.2384778,-0.1629544,0.8959,-0.2624562,-0.3192582,0.06
0.6524262,1.547615,-0.2411434,0.6524262,25.14392,-0.2411434,-0.1640057,0.8938386,-0.261673,-0.3250875,0.06
0.6515088,1.547628,-0.2440967,0.6515088,25.14394,-0.2440967,-0.1644922,0.8919297,-0.2607372,-0.3307865,0.06
0.6505003,1.547745,-0.2467972,0.6505003,25.14405,-0.2467972,-0.1650646,0.8899494,-0.2600125,-0.3363588,0.06
0.649694,1.547987,-0.249879,0.649694,25.14454,-0.249879,-0.1654956,0.8880845,-0.2591339,-0.3417116,0.06
0.6487393,1.548051,-0.2533113,0.6487393,25.14466,-0.2533113,-0.1663018,0.8860145,-0.2580594,-0.3474584,0.06
0.6478176,1.548137,-0.2563597,0.6478176,25.14484,-0.2563597,-0.1670205,0.8842342,-0.2568319,-0.3525215,0.06
0.6478176,1.548137,-0.2563597,0.6478176,25.14484,-0.2563597,-0.1670205,0.8842342,-0.2568319,-0.3525215,0.06
0.6469288,1.548015,-0.2597574,0.6469288,25.14459,-0.2597574,-0.1675844,0.8826143,-0.2553652,-0.3573461,0.06
0.6469288,1.548015,-0.2597574,0.6469288,25.14459,-0.2597574,-0.1675844,0.8826143,-0.2553652,-0.3573461,0.06
0.6446314,1.547235,-0.2703918,0.6446314,25.14303,-0.2703918,-0.1708725,0.8776423,-0.2501505,-0.3714451,0.06
0.6446314,1.547235,-0.2703918,0.6446314,25.14303,-0.2703918,-0.1708725,0.8776423,-0.2501505,-0.3714451,0.06
0.644078,1.546606,-0.2741495,0.644078,25.14178,-0.2741495,-0.1725653,0.8758438,-0.2481975,-0.3761872,0.06
0.643425,1.545912,-0.2778381,0.643425,25.14039,-0.2778381,-0.1745385,0.8738613,-0.2463008,-0.3811021,0.06
0.6426966,1.543905,-0.2859057,0.6426966,25.13637,-0.2859057,-0.1808327,0.8690799,-0.2422509,-0.3915535,0.06
0.6424406,1.542948,-0.2896813,0.6424406,25.13446,-0.2896813,-0.1841968,0.866429,-0.2404602,-0.3969273,0.06
0.6422317,1.541746,-0.293593,0.6422317,25.13206,-0.293593,-0.1879195,0.8634807,-0.2389019,-0.4025087,0.06
0.6421385,1.5407,-0.2977806,0.6421385,25.12996,-0.2977806,-0.191613,0.8602672,-0.2372963,-0.4085527,0.06
0.6420765,1.539778,-0.3016623,0.6420765,25.12812,-0.3016623,-0.195581,0.8567039,-0.2357241,-0.4150189,0.06
0.6420703,1.538875,-0.3058089,0.6420703,25.12631,-0.3058089,-0.1993839,0.8529404,-0.2343632,-0.4216784,0.06
0.6423361,1.537805,-0.3103336,0.6423361,25.12417,-0.3103336,-0.2035513,0.8488407,-0.2322732,-0.429052,0.06
0.6424186,1.536933,-0.314458,0.6424186,25.12243,-0.314458,-0.2071309,0.8449112,-0.2301721,-0.4361683,0.06
0.6427751,1.535951,-0.3190366,0.6427751,25.12047,-0.3190366,-0.2107007,0.8408634,-0.227419,-0.4436604,0.06
0.6432431,1.534962,-0.3239175,0.6432431,25.11849,-0.3239175,-0.2139895,0.8368122,-0.2248916,-0.450974,0.06
0.6438568,1.533882,-0.329023,0.6438568,25.11633,-0.329023,-0.2171239,0.8325683,-0.2217794,-0.4588042,0.06
0.6444464,1.532791,-0.3339187,0.6444464,25.11415,-0.3339187,-0.2194911,0.8286329,-0.2189315,-0.4661117,0.06
0.6444464,1.532791,-0.3339187,0.6444464,25.11415,-0.3339187,-0.2194911,0.8286329,-0.2189315,-0.4661117,0.06
0.6444464,1.532791,-0.3339187,0.6444464,25.11415,-0.3339187,-0.2194911,0.8286329,-0.2189315,-0.4661117,0.06
0.6457748,1.530392,-0.3440505,0.6457748,25.11175,-0.3440505,-0.2231544,0.8210802,-0.2119168,-0.4807503,0.06
0.6472092,1.527295,-0.3540052,0.6472092,25.10865,-0.3540052,-0.2257249,0.8140203,-0.2032771,-0.4950733,0.06
0.6478648,1.525817,-0.3591789,0.6478648,25.10717,-0.3591789,-0.2279995,0.8100513,-0.1993746,-0.5020785,0.06
0.6488302,1.524373,-0.3644854,0.6488302,25.10573,-0.3644854,-0.2309081,0.8058742,-0.1957071,-0.5088685,0.06
0.649272,1.523618,-0.369645,0.649272,25.10497,-0.369645,-0.2361125,0.8005453,-0.1963037,-0.514629,0.06
0.6489408,1.524917,-0.3753594,0.6489408,25.10627,-0.3753594,-0.2463988,0.792722,-0.2031994,-0.5192201,0.06
0.6483982,1.528469,-0.3804609,0.6483982,25.10983,-0.3804609,-0.2591783,0.7832221,-0.211301,-0.5241579,0.06
0.6483023,1.531006,-0.3852531,0.6483023,25.11236,-0.3852531,-0.2674289,0.7755603,-0.2156425,-0.5296096,0.06
0.6480644,1.532105,-0.3899122,0.6480644,25.11346,-0.3899122,-0.2713536,0.7714728,-0.2146156,-0.5339823,0.06
0.6477683,1.53179,-0.3946649,0.6477683,25.11315,-0.3946649,-0.2713973,0.7696397,-0.211005,-0.5380288,0.06
0.6474423,1.531566,-0.3994256,0.6474423,25.11292,-0.3994256,-0.2683727,0.7682467,-0.2094077,-0.5421454,0.06
0.6474423,1.531566,-0.3994256,0.6474423,25.11292,-0.3994256,-0.2683727,0.7682467,-0.2094077,-0.5421454,0.06
0.6468892,1.5319,-0.4041744,0.6468892,25.11326,-0.4041744,-0.2662797,0.766521,-0.209508,-0.5455704,0.06
0.6455395,1.532623,-0.4132324,0.6455395,25.11398,-0.4132324,-0.2633414,0.7633666,-0.2120746,-0.5504063,0.06
0.6449115,1.532701,-0.4179248,0.6449115,25.11406,-0.4179248,-0.2636946,0.7614709,-0.2142936,-0.5520014,0.06
0.6449115,1.532701,-0.4179248,0.6449115,25.11406,-0.4179248,-0.2636946,0.7614709,-0.2142936,-0.5520014,0.06
0.6440153,1.532631,-0.421878,0.6440153,25.11392,-0.421878,-0.2647756,0.7593729,-0.2151773,-0.5540266,0.06
0.6440153,1.532631,-0.421878,0.6440153,25.11392,-0.421878,-0.2647756,0.7593729,-0.2151773,-0.5540266,0.06
0.6408024,1.532431,-0.4323424,0.6408024,25.11352,-0.4323424,-0.2699513,0.7501523,-0.2219447,-0.5613718,0.06
0.6408024,1.532431,-0.4323424,0.6408024,25.11352,-0.4323424,-0.2699513,0.7501523,-0.2219447,-0.5613718,0.06
0.6395164,1.53199,-0.4351751,0.6395164,25.11263,-0.4351751,-0.2705885,0.7473614,-0.2254861,-0.5633729,0.06
0.6381702,1.53132,-0.4381658,0.6381702,25.1113,-0.4381658,-0.2715966,0.7444932,-0.2275985,-0.5658305,0.06
0.6365924,1.530173,-0.4414994,0.6365924,25.109,-0.4414994,-0.2740198,0.7401699,-0.2293697,-0.5696062,0.06
0.635498,1.529138,-0.4437369,0.635498,25.10693,-0.4437369,-0.2771655,0.7364437,-0.2303013,-0.5725306,0.06
0.6342702,1.528026,-0.4460574,0.6342702,25.10471,-0.4460574,-0.2818556,0.731911,-0.2311427,-0.5757055,0.06
0.6329584,1.526782,-0.4481736,0.6329584,25.10222,-0.4481736,-0.2878942,0.7261473,-0.2325389,-0.5794418,0.06
0.6314893,1.525403,-0.4505306,0.6314893,25.09946,-0.4505306,-0.2941082,0.7193903,-0.2353864,-0.5835849,0.06
0.6299953,1.524344,-0.4522048,0.6299953,25.09734,-0.4522048,-0.2984171,0.7137979,-0.2386189,-0.586942,0.06
0.6285639,1.523297,-0.4537855,0.6285639,25.09525,-0.4537855,-0.3017497,0.7083448,-0.2421631,-0.5903827,0.06
0.6253088,1.520803,-0.4567078,0.6253088,25.09026,-0.4567078,-0.3063507,0.6982955,-0.2500322,-0.5966713,0.06
0.6235969,1.519668,-0.4577769,0.6235969,25.08799,-0.4577769,-0.3068658,0.6943489,-0.2541288,-0.5992758,0.06
0.6219389,1.518576,-0.4588748,0.6219389,25.08581,-0.4588748,-0.3070211,0.6909469,-0.2581389,-0.6014107,0.06
0.6201463,1.517546,-0.4595495,0.6201463,25.08375,-0.4595495,-0.3057601,0.6886849,-0.2621109,-0.6029276,0.06
0.6181033,1.516454,-0.4603523,0.6181033,25.08157,-0.4603523,-0.3036417,0.6868532,-0.2661095,-0.6043345,0.06
0.6181033,1.516454,-0.4603523,0.6181033,25.08157,-0.4603523,-0.3036417,0.6868532,-0.2661095,-0.6043345,0.06
0.6181033,1.516454,-0.4603523,0.6181033,25.08157,-0.4603523,-0.3036417,0.6868532,-0.2661095,-0.6043345,0.06
0.6143701,1.514626,-0.4613208,0.6143701,25.07791,-0.4613208,-0.2973787,0.6849169,-0.2723984,-0.6068392,0.06
0.610357,1.512747,-0.4610761,0.610357,25.07603,-0.4610761,-0.2898887,0.6834313,-0.2782557,-0.6094752,0.06
0.6084893,1.511756,-0.461058,0.6084893,25.07504,-0.461058,-0.286467,0.6823856,-0.2810521,-0.6109799,0.06
0.606761,1.51054,-0.4607054,0.606761,25.07382,-0.4607054,-0.2833,0.6815054,-0.2834435,-0.6123327,0.06
0.6052103,1.509335,-0.4604031,0.6052103,25.07262,-0.4604031,-0.2809279,0.6806488,-0.2855766,-0.6133863,0.06
0.6041021,1.507904,-0.4603697,0.6041021,25.07119,-0.4603697,-0.2794522,0.6801125,-0.2879484,-0.6135465,0.06
0.6027162,1.506955,-0.460045,0.6027162,25.07024,-0.460045,-0.2791255,0.6793906,-0.2913124,-0.6129066,0.06
0.6009185,1.505944,-0.4597663,0.6009185,25.06923,-0.4597663,-0.2794695,0.6776728,-0.295835,-0.6124851,0.06
0.6000624,1.505635,-0.4594735,0.6000624,25.06892,-0.4594735,-0.2814144,0.6764801,-0.2991402,-0.6113067,0.06
0.5987592,1.505759,-0.4588071,0.5987592,25.06904,-0.4588071,-0.2842103,0.6748256,-0.3033876,-0.6097466,0.06
0.5973833,1.506059,-0.4577883,0.5973833,25.06934,-0.4577883,-0.2868332,0.6729398,-0.3076018,-0.6084899,0.06
0.5973833,1.506059,-0.4577883,0.5973833,25.06934,-0.4577883,-0.2868332,0.6729398,-0.3076018,-0.6084899,0.06
0.5955815,1.506054,-0.4565474,0.5955815,25.06934,-0.4565474,-0.2881517,0.67125,-0.3111802,-0.6079136,0.06
0.5937314,1.505073,-0.453879,0.5937314,25.06836,-0.453879,-0.2875864,0.6700099,-0.312891,-0.6086708,0.06
0.593024,1.504255,-0.4524118,0.593024,25.06754,-0.4524118,-0.2868958,0.6691819,-0.3131611,-0.6097677,0.06
0.5927322,1.503272,-0.45107,0.5927322,25.06655,-0.45107,-0.2871944,0.6676116,-0.312576,-0.6116457,0.06
0.5927322,1.503272,-0.45107,0.5927322,25.06655,-0.45107,-0.2871944,0.6676116,-0.312576,-0.6116457,0.06
0.5927322,1.503272,-0.45107,0.5927322,25.06655,-0.45107,-0.2871944,0.6676116,-0.312576,-0.6116457,0.06
0.5938172,1.499495,-0.4476517,0.5938172,25.06278,-0.4476517,-0.2979207,0.6595888,-0.3107161,-0.6161505,0.06
0.5944753,1.498261,-0.4464945,0.5944753,25.06154,-0.4464945,-0.3047788,0.6548361,-0.3105171,-0.6179634,0.06
0.5951405,1.497338,-0.4454254,0.5951405,25.06062,-0.4454254,-0.3106034,0.6500455,-0.3108842,-0.6199335,0.06
0.5955985,1.496489,-0.4441518,0.5955985,25.05977,-0.4441518,-0.3143316,0.6463322,-0.3115994,-0.6215756,0.06
0.5955985,1.496489,-0.4441518,0.5955985,25.06148,-0.4441518,-0.3143316,0.6463322,-0.3115994,-0.6215756,0.06
0.595963,1.495369,-0.4415566,0.595963,25.06036,-0.4415566,-0.318175,0.6402335,-0.3139089,-0.6247616,0.06
0.59583,1.495509,-0.4405211,0.59583,25.0605,-0.4405211,-0.3179397,0.6388085,-0.3147732,-0.6259041,0.06
0.5958116,1.495528,-0.4395725,0.5958116,25.06052,-0.4395725,-0.3170182,0.638142,-0.3156554,-0.6266067,0.06
0.5958734,1.495708,-0.4386154,0.5958734,25.0607,-0.4386154,-0.3153609,0.6386139,-0.3158332,-0.6268725,0.06
0.5958951,1.495811,-0.4376842,0.5958951,25.0608,-0.4376842,-0.3142058,0.6389209,-0.3157438,-0.6271847,0.06
0.5962992,1.495995,-0.4368092,0.5962992,25.06099,-0.4368092,-0.3124157,0.6399654,-0.3151534,-0.627311,0.06
0.5968068,1.496087,-0.4359394,0.5968068,25.06108,-0.4359394,-0.3108037,0.6405113,-0.3146043,-0.62783,0.06
0.597667,1.496315,-0.4349631,0.597667,25.06131,-0.4349631,-0.3089163,0.6416331,-0.3136485,-0.6280943,0.06
0.5983608,1.496562,-0.4341592,0.5983608,25.06155,-0.4341592,-0.307789,0.6425037,-0.3124534,-0.6283532,0.06
0.5991611,1.496803,-0.4333287,0.5991611,25.06179,-0.4333287,-0.3069049,0.6433625,-0.3104838,-0.6288831,0.06
0.5998333,1.497167,-0.4325613,0.5998333,25.06216,-0.4325613,-0.3065745,0.6444566,-0.3084083,-0.6289452,0.06
0.5998333,1.497167,-0.4325613,0.5998333,25.06216,-0.4325613,-0.3065745,0.6444566,-0.3084083,-0.6289452,0.06
0.5998333,1.497167,-0.4325613,0.5998333,25.06216,-0.4325613,-0.3065745,0.6444566,-0.3084083,-0.6289452,0.06
0.6019108,1.498121,-0.4298102,0.6019108,25.06311,-0.4298102,-0.3087225,0.6459277,-0.3032143,-0.6289109,0.06
0.6027868,1.49854,-0.4289209,0.6027868,25.06353,-0.4289209,-0.3099837,0.6456583,-0.3014423,-0.6294189,0.06
0.6036732,1.498894,-0.4279548,0.6036732,25.06388,-0.4279548,-0.3109942,0.6453449,-0.2997665,-0.6300418,0.06
0.6045892,1.499282,-0.4270004,0.6045892,25.06427,-0.4270004,-0.3118437,0.6450205,-0.2982723,-0.6306629,0.06
0.6056137,1.499692,-0.4259788,0.6056137,25.06468,-0.4259788,-0.3127016,0.6445324,-0.2971159,-0.6312827,0.06
0.6065085,1.500315,-0.4247643,0.6065085,25.06531,-0.4247643,-0.3137052,0.6438786,-0.296266,-0.6318512,0.06
0.6074305,1.500885,-0.4238111,0.6074305,25.06588,-0.4238111,-0.3143415,0.643402,-0.2951628,-0.6325364,0.06
0.6082768,1.501272,-0.4227532,0.6082768,25.06626,-0.4227532,-0.3147172,0.642929,-0.2938186,-0.6334556,0.06
0.6089602,1.501844,-0.4216238,0.6089602,25.06684,-0.4216238,-0.3151397,0.6420666,-0.2926787,-0.634647,0.06
0.6093783,1.502645,-0.4209489,0.6093783,25.06764,-0.4209489,-0.3151856,0.6413643,-0.2917818,-0.6357462,0.06
0.609807,1.503402,-0.4198595,0.609807,25.06839,-0.4198595,-0.3149789,0.640713,-0.2911795,-0.6367807,0.06
0.609807,1.503402,-0.4198595,0.609807,25.06839,-0.4198595,-0.3149789,0.640713,-0.2911795,-0.6367807,0.06
0.6102905,1.504111,-0.4187008,0.6102905,25.0691,-0.4187008,-0.3142752,0.6401957,-0.2899142,-0.6382243,0.06
0.6108162,1.505381,-0.4168819,0.6108162,25.07037,-0.4168819,-0.3125307,0.6401321,-0.287291,-0.6403275,0.06
0.6110559,1.505871,-0.4160184,0.6110559,25.07086,-0.4160184,-0.3116944,0.6401858,-0.2857916,-0.6413517,0.06
0.6110559,1.505871,-0.4160184,0.6110559,25.07086,-0.4160184,-0.3116944,0.6401858,-0.2857916,-0.6413517,0.06
0.6115746,1.506526,-0.415037,0.6115746,25.07152,-0.415037,-0.3102842,0.6404359,-0.2843081,-0.6424441,0.06
0.6115746,1.506526,-0.415037,0.6115746,25.07152,-0.415037,-0.3102842,0.6404359,-0.2843081,-0.6424441,0.06
0.6123645,1.507406,-0.4126636,0.6123645,25.0724,-0.4126636,-0.3068341,0.6401881,-0.2814597,-0.6455947,0.06
0.6123645,1.507406,-0.4126636,0.6123645,25.0724,-0.4126636,-0.3068341,0.6401881,-0.2814597,-0.6455947,0.06
0.6129808,1.508065,-0.4109606,0.6129808,25.07306,-0.4109606,-0.3057143,0.6395298,-0.2792602,-0.64773,0.06
0.6135387,1.508467,-0.410174,0.6135387,25.07346,-0.410174,-0.3058755,0.639051,-0.2779789,-0.6486769,0.06
0.613929,1.508799,-0.4093729,0.613929,25.07379,-0.4093729,-0.3060912,0.638635,-0.2766442,-0.6495548,0.06
0.6145017,1.509313,-0.4087034,0.6145017,25.0743,-0.4087034,-0.3065389,0.6380475,-0.2754202,-0.6504408,0.06
0.6151013,1.509872,-0.4079946,0.6151013,25.07486,-0.4079946,-0.3066958,0.6377356,-0.2743234,-0.6511357,0.06
0.6155987,1.510442,-0.4073519,0.6155987,25.07543,-0.4073519,-0.3065624,0.6373283,-0.2731358,-0.6520959,0.06
0.6162059,1.511026,-0.4068035,0.6162059,25.07602,-0.4068035,-0.306115,0.6371602,-0.2716696,-0.6530821,0.06
0.616401,1.5116,-0.4062823,0.616401,25.07659,-0.4062823,-0.3054712,0.6371317,-0.2701998,-0.6540204,0.06
0.6168563,1.512392,-0.4057661,0.6168563,25.07738,-0.4057661,-0.3045204,0.6372663,-0.2684569,-0.6550497,0.06
0.6173611,1.513222,-0.4052931,0.6173611,25.07821,-0.4052931,-0.3035866,0.6375281,-0.2668166,-0.6558979,0.06
0.6173611,1.513222,-0.4052931,0.6173611,25.07821,-0.4052931,-0.3035866,0.6375281,-0.2668166,-0.6558979,0.06
0.6173611,1.513222,-0.4052931,0.6173611,25.07821,-0.4052931,-0.3035866,0.6375281,-0.2668166,-0.6558979,0.06
0.6187537,1.515907,-0.403989,0.6187537,25.0809,-0.403989,-0.300321,0.6391934,-0.2619021,-0.6577586,0.06
0.6191053,1.516915,-0.4037138,0.6191053,25.08191,-0.4037138,-0.2991446,0.6401145,-0.2599198,-0.6581851,0.06
0.619529,1.517803,-0.4033319,0.619529,25.08279,-0.4033319,-0.2976461,0.6410818,-0.2578588,-0.6587335,0.06
0.6199555,1.518697,-0.4030322,0.6199555,25.08369,-0.4030322,-0.2958466,0.6422113,-0.2560124,-0.659164,0.06
0.62023,1.519706,-0.4029001,0.62023,25.0847,-0.4029001,-0.2943613,0.6430318,-0.2543265,-0.6596815,0.06
0.620697,1.520643,-0.4026924,0.620697,25.08563,-0.4026924,-0.2927478,0.6439244,-0.2525906,-0.6601955,0.06
0.62116,1.521481,-0.4024392,0.62116,25.08647,-0.4024392,-0.2911103,0.6448643,-0.2507851,-0.6606902,0.06
0.6215975,1.522321,-0.4022828,0.6215975,25.08731,-0.4022828,-0.2900142,0.6455041,-0.249042,-0.6612068,0.06
0.6221898,1.523234,-0.4020694,0.6221898,25.08822,-0.4020694,-0.288927,0.646136,-0.2475552,-0.6616237,0.06
0.622824,1.523868,-0.4018728,0.622824,25.08886,-0.4018728,-0.2880034,0.6466051,-0.2461373,-0.662097,0.06
0.6236086,1.524653,-0.4016243,0.6236086,25.08965,-0.4016243,-0.2874954,0.6468276,-0.245082,-0.6624918,0.06
0.6241429,1.525226,-0.4012543,0.6241429,25.09022,-0.4012543,-0.287008,0.6470754,-0.2440412,-0.6628452,0.06
0.6246819,1.525773,-0.4010044,0.6246819,25.09076,-0.4010044,-0.2865902,0.647065,-0.2434056,-0.6632696,0.06
0.62499,1.526265,-0.4008738,0.62499,25.09126,-0.4008738,-0.2859189,0.6471859,-0.2424502,-0.6637912,0.06
0.6253972,1.526724,-0.4006065,0.6253972,25.09171,-0.4006065,-0.2850721,0.6471704,-0.2416984,-0.6644444,0.06
0.6257973,1.527148,-0.4003578,0.6257973,25.09214,-0.4003578,-0.2840095,0.6473036,-0.2406552,-0.6651479,0.06
0.6257973,1.527148,-0.4003578,0.6257973,25.09214,-0.4003578,-0.2840095,0.6473036,-0.2406552,-0.6651479,0.06
0.6257973,1.527148,-0.4003578,0.6257973,25.09214,-0.4003578,-0.2840095,0.6473036,-0.2406552,-0.6651479,0.06
0.627131,1.52811,-0.3992888,0.627131,25.0931,-0.3992888,-0.2813739,0.6476662,-0.2389986,-0.6665111,0.06
0.6274273,1.528297,-0.3989784,0.6274273,25.09329,-0.3989784,-0.2810703,0.6475437,-0.2393434,-0.6666344,0.06
0.6276381,1.52828,-0.3985192,0.6276381,25.09327,-0.3985192,-0.2808675,0.6475585,-0.23952,-0.6666421,0.06
0.6279371,1.528145,-0.3982435,0.6279371,25.09314,-0.3982435,-0.2807474,0.6474983,-0.2394379,-0.6667807,0.06
0.6279259,1.528004,-0.3979744,0.6279259,25.09299,-0.3979744,-0.2808022,0.6474744,-0.2392148,-0.6668608,0.06
0.6278899,1.527629,-0.3976027,0.6278899,25.09262,-0.3976027,-0.2808142,0.64761,-0.2389966,-0.6668023,0.06
0.6278939,1.527253,-0.3973078,0.6278939,25.09224,-0.3973078,-0.2807503,0.6478136,-0.2389452,-0.6666499,0.06
0.6275582,1.526722,-0.3969752,0.6275582,25.09171,-0.3969752,-0.2802913,0.6484551,-0.2391865,-0.6661326,0.06
0.6272943,1.52616,-0.3965324,0.6272943,25.09115,-0.3965324,-0.2798531,0.6489449,-0.2391366,-0.6658578,0.06
0.6269221,1.52558,-0.3961803,0.6269221,25.09057,-0.3961803,-0.2797939,0.6495687,-0.2394919,-0.6651463,0.06
0.6267047,1.525068,-0.3959557,0.6267047,25.09006,-0.3959557,-0.2799308,0.6501312,-0.2402762,-0.6642557,0.06
0.6263623,1.524449,-0.3957366,0.6263623,25.08944,-0.3957366,-0.2804367,0.6507272,-0.2413947,-0.6630521,0.06
0.6261253,1.523914,-0.395681,0.6261253,25.08891,-0.395681,-0.2808361,0.6513714,-0.2424731,-0.6618558,0.06
0.6255348,1.523267,-0.3958422,0.6255348,25.08826,-0.3958422,-0.2809533,0.6523905,-0.2436285,-0.6603765,0.06
0.6249459,1.522614,-0.3959552,0.6249459,25.0876,-0.3959552,-0.2805378,0.653908,-0.2443498,-0.6587838,0.06
0.6242061,1.521743,-0.396403,0.6242061,25.08673,-0.396403,-0.2790129,0.6563849,-0.2450131,-0.6567186,0.06
0.6242061,1.521743,-0.396403,0.6242061,25.08673,-0.396403,-0.2790129,0.6563849,-0.2450131,-0.6567186,0.06
0.6242061,1.521743,-0.396403,0.6242061,25.08673,-0.396403,-0.2790129,0.6563849,-0.2450131,-0.6567186,0.06
0.6217546,1.519292,-0.3985215,0.6217546,25.08183,-0.3985215,-0.2733322,0.6656256,-0.2461926,-0.6493238,0.06
0.6206632,1.519022,-0.3998677,0.6206632,25.08129,-0.3998677,-0.2735844,0.6689361,-0.2476861,-0.6452346,0.06
0.6197724,1.519207,-0.4007865,0.6197724,25.08166,-0.4007865,-0.2750976,0.6707678,-0.2493603,-0.6420368,0.06
0.6186121,1.520026,-0.402198,0.6186121,25.0833,-0.402198,-0.2784555,0.6717294,-0.2516947,-0.6386641,0.06
0.6175582,1.521184,-0.4035558,0.6175582,25.08562,-0.4035558,-0.282035,0.6726744,-0.2532325,-0.6354831,0.06
0.6165049,1.522184,-0.4047867,0.6165049,25.08762,-0.4047867,-0.2843141,0.6735692,-0.2542349,-0.6331151,0.06
0.6153297,1.523438,-0.4061378,0.6153297,25.09012,-0.4061378,-0.286062,0.6749403,-0.2548854,-0.630601,0.06
0.6141436,1.524725,-0.4076701,0.6141436,25.0927,-0.4076701,-0.2875679,0.6764669,-0.2553783,-0.6280759,0.06
0.6141436,1.524725,-0.4076701,0.6141436,25.0927,-0.4076701,-0.2875679,0.6764669,-0.2553783,-0.6280759,0.06
0.6118805,1.527642,-0.410658,0.6118805,25.09853,-0.410658,-0.288478,0.6798782,-0.2566344,-0.623446,0.06
0.6106992,1.529334,-0.4122876,0.6106992,25.10192,-0.4122876,-0.2869074,0.6821819,-0.2565469,-0.6216878,0.06
0.6093278,1.530669,-0.4138354,0.6093278,25.10459,-0.4138354,-0.2851052,0.6845465,-0.2564144,-0.61997,0.06
0.6075759,1.532343,-0.4155005,0.6075759,25.10793,-0.4155005,-0.2829357,0.6873822,-0.2556157,-0.6181536,0.06
0.6054683,1.533818,-0.4172169,0.6054683,25.11088,-0.4172169,-0.2793571,0.6905934,-0.25422,-0.6167759,0.06
0.6036251,1.535187,-0.4188601,0.6036251,25.11362,-0.4188601,-0.2759438,0.6940131,-0.2527702,-0.6150677,0.06
0.6013706,1.536435,-0.4203836,0.6013706,25.11612,-0.4203836,-0.2718816,0.6973796,-0.251474,-0.6135984,0.06
0.6013706,1.536435,-0.4203836,0.6013706,25.11612,-0.4203836,-0.2718816,0.6973796,-0.251474,-0.6135984,0.06
0.5966935,1.53852,-0.423736,0.5966935,25.12029,-0.423736,-0.2652855,0.7040806,-0.2489312,-0.6098585,0.06
0.5947096,1.539081,-0.4252096,0.5947096,25.12141,-0.4252096,-0.2629205,0.7066187,-0.247585,-0.6084936,0.06
0.5947096,1.539081,-0.4252096,0.5947096,25.12141,-0.4252096,-0.2629205,0.7066187,-0.247585,-0.6084936,0.06
0.5911572,1.539546,-0.4277951,0.5911572,25.12234,-0.4277951,-0.2602119,0.7104812,-0.2448963,-0.6062443,0.06
0.5889752,1.539816,-0.4292122,0.5889752,25.12288,-0.4292122,-0.2596645,0.7119592,-0.2435307,-0.6052943,0.06
0.5872011,1.539806,-0.4303921,0.5872011,25.12286,-0.4303921,-0.2588139,0.7134175,-0.2423045,-0.6044331,0.06
0.5854895,1.539777,-0.4316298,0.5854895,25.12281,-0.4316298,-0.2582181,0.7146796,-0.2412032,-0.6036369,0.06
0.5836613,1.539999,-0.4325556,0.5836613,25.12325,-0.4325556,-0.2579723,0.7156563,-0.2406783,-0.6027938,0.06
0.5822241,1.540235,-0.4335846,0.5822241,25.12372,-0.4335846,-0.2576336,0.7165182,-0.240155,-0.6021232,0.06
0.5808215,1.54048,-0.4351803,0.5808215,25.12421,-0.4351803,-0.2577545,0.7171411,-0.2396814,-0.6015182,0.06
0.5796859,1.540865,-0.436036,0.5796859,25.12498,-0.436036,-0.2582109,0.7169284,-0.2393771,-0.6016971,0.06
0.5785346,1.541367,-0.437148,0.5785346,25.12599,-0.437148,-0.2593245,0.7161345,-0.2391593,-0.6022499,0.06
0.5785346,1.541367,-0.437148,0.5785346,25.12599,-0.437148,-0.2593245,0.7161345,-0.2391593,-0.6022499,0.06
0.5763943,1.542501,-0.4396473,0.5763943,25.12826,-0.4396473,-0.260139,0.714195,-0.238408,-0.6044955,0.06
0.5763943,1.542501,-0.4396473,0.5763943,25.12826,-0.4396473,-0.260139,0.714195,-0.238408,-0.6044955,0.06
0.5741091,1.543805,-0.4420446,0.5741091,25.13087,-0.4420446,-0.2563008,0.7136918,-0.2366207,-0.6074244,0.06
0.5741091,1.543805,-0.4420446,0.5741091,25.13087,-0.4420446,-0.2563008,0.7136918,-0.2366207,-0.6074244,0.06
0.5723519,1.544744,-0.4435493,0.5723519,25.13275,-0.4435493,-0.2516098,0.7145246,-0.2346229,-0.6091791,0.06
0.5711601,1.545498,-0.4448341,0.5711601,25.13426,-0.4448341,-0.2474215,0.7153935,-0.2329317,-0.6105223,0.06
0.5687969,1.546726,-0.4474825,0.5687969,25.13672,-0.4474825,-0.2388491,0.7171091,-0.2300609,-0.6130071,0.06
0.5677414,1.547332,-0.4488813,0.5677414,25.13794,-0.4488813,-0.2342279,0.7178701,-0.2285255,-0.6144722,0.06
0.5664096,1.547863,-0.4502186,0.5664096,25.13901,-0.4502186,-0.2305068,0.7184551,-0.2271633,-0.6156993,0.06
0.5647559,1.548591,-0.4519135,0.5647559,25.14047,-0.4519135,-0.2268848,0.7187867,-0.2257319,-0.6171824,0.06
0.56304,1.549395,-0.4536496,0.56304,25.14208,-0.4536496,-0.2246777,0.7187486,-0.2245212,-0.6184745,0.06
0.561455,1.550102,-0.4556469,0.561455,25.14351,-0.4556469,-0.2223573,0.7189346,-0.2230013,-0.6196457,0.06
0.5592957,1.550735,-0.4575537,0.5592957,25.14478,-0.4575537,-0.2201625,0.719164,-0.2210216,-0.6208713,0.06
0.5569892,1.551313,-0.4595279,0.5569892,25.14595,-0.4595279,-0.2179503,0.7192516,-0.2189886,-0.6222692,0.06
0.5569892,1.551313,-0.4595279,0.5569892,25.14596,-0.4595279,-0.2179503,0.7192516,-0.2189886,-0.6222692,0.06
0.5512803,1.552319,-0.4650084,0.5512803,25.14799,-0.4650084,-0.2168764,0.717967,-0.2139089,-0.6258842,0.06
0.5478284,1.552674,-0.4678434,0.5478284,25.14872,-0.4678434,-0.2171186,0.7166801,-0.2113849,-0.6281286,0.06
0.5478284,1.552674,-0.4678434,0.5478284,25.14874,-0.4678434,-0.2171186,0.7166801,-0.2113849,-0.6281286,0.06
0.5413213,1.552901,-0.4731315,0.5413213,25.14922,-0.4731315,-0.2174385,0.7141383,-0.2060689,-0.6326631,0.06
0.5372171,1.552363,-0.4765931,0.5372171,25.14818,-0.4765931,-0.2177176,0.7117955,-0.2024792,-0.6363556,0.06
0.533813,1.551103,-0.4796671,0.533813,25.1457,-0.4796671,-0.216457,0.7101514,-0.1988519,-0.6397572,0.06
0.5302515,1.549461,-0.4827055,0.5302515,25.14246,-0.4827055,-0.2155712,0.7076889,-0.1957247,-0.643737,0.06
0.5274317,1.547894,-0.4857198,0.5274317,25.14089,-0.4857198,-0.2147978,0.7053657,-0.1932797,-0.6472744,0.06
0.524838,1.54601,-0.4890126,0.524838,25.13901,-0.4890126,-0.2137367,0.7025661,-0.1917704,-0.651108,0.06
0.5223432,1.544515,-0.4920923,0.5223432,25.13751,-0.4920923,-0.2129654,0.7000343,-0.1913414,-0.6542067,0.06
0.5199625,1.543361,-0.4953495,0.5199625,25.13636,-0.4953495,-0.2149932,0.6975386,-0.1939839,-0.6554298,0.06
0.5172422,1.543036,-0.4986068,0.5172422,25.13603,-0.4986068,-0.2183391,0.6950036,-0.1960031,-0.6564152,0.06
0.5137177,1.543865,-0.5018066,0.5137177,25.14351,-0.5018066,-0.2232902,0.6918958,-0.199554,-0.6569626,0.06
0.5137177,1.543865,-0.5018066,0.5137177,25.14468,-0.5018066,-0.2232902,0.6918958,-0.199554,-0.6569626,0.06
0.505024,1.545184,-0.5075673,0.505024,25.14868,-0.5075673,-0.2216709,0.689338,-0.1964045,-0.6611357,0.06
0.5005178,1.545167,-0.5097591,0.5005178,25.15024,-0.5097591,-0.2152691,0.6904975,-0.1922002,-0.6632733,0.06
0.4962959,1.544573,-0.5120453,0.4962959,25.15091,-0.5120453,-0.2085111,0.6919667,-0.187485,-0.6652478,0.06
0.491981,1.543372,-0.5139381,0.491981,25.15066,-0.5139381,-0.2007086,0.6941025,-0.1824762,-0.6668135,0.06
0.4879737,1.542731,-0.5157183,0.4879737,25.15187,-0.5157183,-0.1953532,0.6956418,-0.1789818,-0.6677464,0.06
0.4846101,1.542816,-0.5171531,0.4846101,25.15492,-0.5171531,-0.193563,0.696102,-0.1778632,-0.6680869,0.06
0.4814644,1.543529,-0.5185641,0.4814644,25.15966,-0.5185641,-0.1948937,0.6949761,-0.1791189,-0.6685366,0.06
0.4788561,1.545299,-0.5194987,0.4788561,25.16699,-0.5194987,-0.2009191,0.6920521,-0.182638,-0.6688339,0.06
0.4765549,1.547411,-0.5202903,0.4765549,25.17554,-0.5202903,-0.208123,0.6878263,-0.1866625,-0.6698783,0.06
0.4744365,1.549459,-0.5209402,0.4744365,25.18452,-0.5209402,-0.2142619,0.684633,-0.1905177,-0.6701288,0.06
0.4725399,1.551771,-0.5210971,0.4725399,25.19465,-0.5210971,-0.2198648,0.6817731,-0.1955955,-0.6697667,0.06
0.4706748,1.553669,-0.5213028,0.4706748,25.20459,-0.5213028,-0.2227124,0.680148,-0.1994594,-0.6693384,0.06
0.4685311,1.555437,-0.5213119,0.4685311,25.21494,-0.5213119,-0.2228535,0.6794977,-0.202597,-0.6690094,0.06
0.4660347,1.557021,-0.5214778,0.4660347,25.22558,-0.5214778,-0.2213518,0.6793146,-0.2037382,-0.6693474,0.06
0.4631686,1.558479,-0.5216922,0.4631686,25.23662,-0.5216922,-0.2182811,0.6798655,-0.2024408,-0.6701895,0.06
0.4601464,1.559701,-0.5220119,0.4601464,25.2478,-0.5220119,-0.2158143,0.6800584,-0.2000507,-0.6715091,0.06
0.4567554,1.560874,-0.5221432,0.4567554,25.25942,-0.5221432,-0.2127742,0.6806651,-0.1958796,-0.6730924,0.06
0.4567554,1.560874,-0.5221432,0.4567554,25.26917,-0.5221432,-0.2127742,0.6806651,-0.1958796,-0.6730924,0.06
0.4494736,1.562799,-0.5226482,0.4494736,25.28311,-0.5226482,-0.2075083,0.6807042,-0.1878966,-0.6769617,0.06
0.4459491,1.563509,-0.5224608,0.4459491,25.29485,-0.5224608,-0.2056379,0.6802318,-0.1850313,-0.6787939,0.06
0.4459491,1.563509,-0.5224608,0.4459491,25.30526,-0.5224608,-0.2056379,0.6802318,-0.1850313,-0.6787939,0.06
0.4391172,1.564899,-0.5219656,0.4391172,25.31839,-0.5219656,-0.2027926,0.6775997,-0.1826358,-0.6829187,0.06
0.4357398,1.565502,-0.5215312,0.4357398,25.32975,-0.5215312,-0.201567,0.6761168,-0.1818211,-0.6849657,0.06
0.4327774,1.565786,-0.5208746,0.4327774,25.34014,-0.5208746,-0.2006394,0.6746644,-0.1811112,-0.6868556,0.06
0.429899,1.566022,-0.5205742,0.429899,25.35,-0.5205742,-0.2003156,0.6733191,-0.1805232,-0.6884232,0.06
0.4264822,1.566092,-0.5200049,0.4264822,25.359,-0.5200049,-0.2003213,0.6722195,-0.1803548,-0.6895394,0.06
0.4234164,1.566077,-0.5195855,0.4234164,25.36722,-0.5195855,-0.201025,0.6710669,-0.1807802,-0.6903453,0.06
0.4203315,1.56618,-0.5192062,0.4203315,25.37504,-0.5192062,-0.2016078,0.6700783,-0.1812076,-0.6910232,0.06
0.4171178,1.566322,-0.5186647,0.4171178,25.38227,-0.5186647,-0.2025719,0.6692923,-0.1822578,-0.6912268,0.06
0.4141891,1.566607,-0.5180203,0.4141891,25.38913,-0.5180203,-0.2031685,0.6688383,-0.1832904,-0.6912181,0.06
0.4110699,1.566989,-0.5174841,0.4110699,25.39553,-0.5174841,-0.2039741,0.6687365,-0.1842914,-0.6908132,0.06
0.4110699,1.566989,-0.5174841,0.4110699,25.40054,-0.5174841,-0.2039741,0.6687365,-0.1842914,-0.6908132,0.06
0.4037869,1.567631,-0.5159775,0.4037869,25.40626,-0.5159775,-0.204627,0.6689454,-0.1857916,-0.6900155,0.06
0.4007998,1.567967,-0.5153564,0.4007998,25.41084,-0.5153564,-0.2049872,0.6691149,-0.1862452,-0.6896217,0.06
0.4007998,1.567967,-0.5153564,0.4007998,25.41425,-0.5153564,-0.2049872,0.6691149,-0.1862452,-0.6896217,0.06
0.3941638,1.568659,-0.5134991,0.3941638,25.4186,-0.5134991,-0.2049851,0.6704007,-0.1858572,-0.6884775,0.06
0.390835,1.568757,-0.5126928,0.390835,25.42136,-0.5126928,-0.2049376,0.6712066,-0.1850026,-0.6879364,0.06
0.387392,1.569063,-0.5115784,0.387392,25.4242,-0.5115784,-0.2048677,0.6726397,-0.1832593,-0.6870235,0.06
0.3841438,1.569418,-0.5105699,0.3841438,25.42682,-0.5105699,-0.2048031,0.67399,-0.181459,-0.6861967,0.06
0.3809948,1.569665,-0.5094827,0.3809948,25.42896,-0.5094827,-0.2042185,0.6756098,-0.179389,-0.6853218,0.06
0.3773921,1.570139,-0.5079716,0.3773921,25.43132,-0.5079716,-0.2033111,0.6774297,-0.1768341,-0.6844584,0.06
0.3738191,1.570528,-0.5067362,0.3738191,25.43331,-0.5067362,-0.2017571,0.6791905,-0.174717,-0.6837165,0.06
0.3706443,1.570967,-0.5052098,0.3706443,25.43522,-0.5052098,-0.1991672,0.6817034,-0.1722782,-0.682593,0.06
0.3672028,1.571246,-0.5034519,0.3672028,25.43665,-0.5034519,-0.1964234,0.68422,-0.169652,-0.6815271,0.06
0.3636265,1.571346,-0.5017127,0.3636265,25.4376,-0.5017127,-0.1927328,0.6873095,-0.1666859,-0.6802026,0.06
0.360476,1.571399,-0.4999174,0.360476,25.43835,-0.4999174,-0.1895486,0.6903607,-0.1636858,-0.6787345,0.06
0.3571267,1.571174,-0.4976217,0.3571267,25.43844,-0.4976217,-0.1860441,0.6939209,-0.1605184,-0.6768273,0.06
0.3541782,1.570745,-0.4953743,0.3541782,25.43805,-0.4953743,-0.1825173,0.6973923,-0.1575805,-0.6749072,0.06
0.3511446,1.57002,-0.4929308,0.3511446,25.43699,-0.4929308,-0.1789703,0.7012071,-0.1547937,-0.6725453,0.06
0.3511446,1.57002,-0.4929308,0.3511446,25.43732,-0.4929308,-0.1789703,0.7012071,-0.1547937,-0.6725453,0.06
0.3511446,1.57002,-0.4929308,0.3511446,25.4376,-0.4929308,-0.1789703,0.7012071,-0.1547937,-0.6725453,0.06
0.3437052,1.568093,-0.486477,0.3437052,25.43399,-0.486477,-0.1706407,0.7101811,-0.1499171,-0.6663703,0.06
0.3372676,1.56641,-0.4809934,0.3372676,25.4323,-0.4809934,-0.1638146,0.717456,-0.1481368,-0.6606642,0.06
0.3334804,1.565836,-0.4777895,0.3334804,25.43173,-0.4777895,-0.1616031,0.7208408,-0.1486742,-0.6573957,0.06
0.3297784,1.565677,-0.4750062,0.3297784,25.43157,-0.4750062,-0.1596053,0.7238117,-0.1488433,-0.654575,0.06
0.3254523,1.56584,-0.471922,0.3254523,25.43173,-0.471922,-0.1594591,0.7261338,-0.1507528,-0.651595,0.06
0.3209808,1.566056,-0.4691745,0.3209808,25.43195,-0.4691745,-0.1596007,0.7285187,-0.1534247,-0.6482662,0.06
0.3156946,1.567615,-0.4665853,0.3156946,25.43351,-0.4665853,-0.162705,0.7299494,-0.1604916,-0.644161,0.06
0.3099554,1.570404,-0.4639548,0.3099554,25.44295,-0.4639548,-0.1644388,0.7310647,-0.1658468,-0.6410922,0.06
0.3050623,1.571958,-0.4615842,0.3050623,25.44722,-0.4615842,-0.1629924,0.7331491,-0.1678092,-0.6385657,0.06
0.2993419,1.57191,-0.4594687,0.2993419,25.44849,-0.4594687,-0.1558606,0.73765,-0.1651583,-0.635848,0.06
0.2934253,1.570953,-0.4572097,0.2934253,25.44817,-0.4572097,-0.1472469,0.7420278,-0.1601227,-0.6340929,0.06
0.2872665,1.570005,-0.455403,0.2872665,25.44813,-0.455403,-0.1382696,0.7459194,-0.154384,-0.6329703,0.06
0.2824695,1.569277,-0.4542762,0.2824695,25.44883,-0.4542762,-0.1340727,0.7482527,-0.1504175,-0.6320736,0.06
0.2782385,1.569343,-0.4529473,0.2782385,25.45145,-0.4529473,-0.1348403,0.7487953,-0.149825,-0.6314081,0.06
0.274235,1.569936,-0.4517039,0.274235,25.45552,-0.4517039,-0.1399111,0.7480326,-0.1527326,-0.6305116,0.06
0.274235,1.569936,-0.4517039,0.274235,25.45884,-0.4517039,-0.1399111,0.7480326,-0.1527326,-0.6305116,0.06
0.2667179,1.572695,-0.4491359,0.2667179,25.46815,-0.4491359,-0.1662377,0.7414441,-0.1655581,-0.6286623,0.06
0.2667179,1.572695,-0.4491359,0.2667179,25.47246,-0.4491359,-0.1662377,0.7414441,-0.1655581,-0.6286623,0.06
0.2601314,1.574892,-0.4470176,0.2601314,25.48175,-0.4470176,-0.1823645,0.7360682,-0.1717558,-0.6288455,0.06
0.25578,1.576493,-0.4458741,0.25578,25.49045,-0.4458741,-0.1880432,0.733341,-0.1743426,-0.629647,0.06
0.2521911,1.577837,-0.4449145,0.2521911,25.49929,-0.4449145,-0.1906904,0.7322085,-0.1758464,-0.6297507,0.06
0.2477636,1.579007,-0.4441096,0.2477636,25.50844,-0.4441096,-0.190726,0.7314825,-0.176455,-0.6304131,0.06
0.2477636,1.579007,-0.4441096,0.2477636,25.51591,-0.4441096,-0.190726,0.7314825,-0.176455,-0.6304131,0.06
0.2384706,1.581654,-0.4428459,0.2384706,25.52933,-0.4428459,-0.1858959,0.7315314,-0.1748247,-0.6322507,0.06
0.2337992,1.582878,-0.4427675,0.2337992,25.54051,-0.4427675,-0.1833013,0.7315554,-0.1724376,-0.6336345,0.06
0.228972,1.583995,-0.4424006,0.228972,25.55202,-0.4424006,-0.1809454,0.7315145,-0.1702785,-0.6349413,0.06
0.2237577,1.584849,-0.4420582,0.2237577,25.56347,-0.4420582,-0.1776838,0.7315221,-0.1679342,-0.6364762,0.06
0.2191193,1.585497,-0.4418172,0.2191193,25.57487,-0.4418172,-0.1741449,0.7315136,-0.1663199,-0.6378865,0.06
0.2145836,1.586093,-0.441372,0.2145836,25.58638,-0.441372,-0.1717062,0.7311129,-0.1655574,-0.639204,0.06
0.2101421,1.586279,-0.4411489,0.2101421,25.59716,-0.4411489,-0.169984,0.7305999,-0.1652237,-0.6403362,0.06
0.2101421,1.586279,-0.4411489,0.2101421,25.60751,-0.4411489,-0.169984,0.7305999,-0.1652237,-0.6403362,0.06
0.2015536,1.585513,-0.4406487,0.2015536,25.61613,-0.4406487,-0.1689148,0.7294728,-0.1648309,-0.6420031,0.06
0.1978433,1.584966,-0.4404193,0.1978433,25.62486,-0.4404193,-0.1687813,0.7290249,-0.1649185,-0.6425243,0.06
0.1978433,1.584966,-0.4404193,0.1978433,25.63425,-0.4404193,-0.1687813,0.7290249,-0.1649185,-0.6425243,0.06
0.1903501,1.583841,-0.4400162,0.1903501,25.64085,-0.4400162,-0.1700428,0.7273667,-0.1658203,-0.6438376,0.06
0.1862736,1.583136,-0.439844,0.1862736,25.6477,-0.439844,-0.1710219,0.7260534,-0.1665653,-0.6448675,0.06
0.182652,1.582519,-0.4398731,0.182652,25.65408,-0.4398731,-0.1719992,0.7246097,-0.1672003,-0.6460659,0.06
0.1787558,1.582097,-0.439561,0.1787558,25.66018,-0.439561,-0.1726291,0.723159,-0.1678341,-0.6473577,0.06
0.1752136,1.581506,-0.4394132,0.1752136,25.66528,-0.4394132,-0.1736203,0.7214249,-0.1684352,-0.6488696,0.06
0.1716487,1.5808,-0.4393638,0.1716487,25.66951,-0.4393638,-0.1743206,0.7198222,-0.1688615,-0.6503493,0.06
0.1680346,1.580123,-0.439227,0.1680346,25.67317,-0.439227,-0.1748162,0.7179583,-0.1686022,-0.6523408,0.06
0.1645329,1.579387,-0.439231,0.1645329,25.67613,-0.439231,-0.1752259,0.7164115,-0.1683511,-0.6539943,0.06
0.1613736,1.57849,-0.4394084,0.1613736,25.67824,-0.4394084,-0.1753072,0.7145774,-0.1682847,-0.655993,0.06
0.1580257,1.577783,-0.4394053,0.1580257,25.68023,-0.4394053,-0.1754091,0.712813,-0.1682626,-0.6578883,0.06
0.1546648,1.576889,-0.4397835,0.1546648,25.68141,-0.4397835,-0.1754313,0.7104854,-0.1683474,-0.6603738,0.06
0.1516902,1.57626,-0.4403538,0.1516902,25.68273,-0.4403538,-0.1754989,0.7084727,-0.1686232,-0.6624447,0.06
0.1485326,1.575572,-0.4407824,0.1485326,25.68357,-0.4407824,-0.1756686,0.7065139,-0.168917,-0.6644139,0.06
0.145396,1.57491,-0.4415463,0.145396,25.68417,-0.4415463,-0.1751727,0.7045531,-0.1690764,-0.6665829,0.06
0.145396,1.57491,-0.4415463,0.145396,25.68581,-0.4415463,-0.1751727,0.7045531,-0.1690764,-0.6665829,0.06
0.1377048,1.573944,-0.4436091,0.1377048,25.68529,-0.4436091,-0.173119,0.7010813,-0.1680571,-0.6710228,0.06
0.1377048,1.573944,-0.4436091,0.1377048,25.6865,-0.4436091,-0.173119,0.7010813,-0.1680571,-0.6710228,0.06
0.1301382,1.573392,-0.4464182,0.1301382,25.68642,-0.4464182,-0.170217,0.6990399,-0.1644501,-0.6747782,0.06
0.1255965,1.573188,-0.4480606,0.1255965,25.6869,-0.4480606,-0.1688927,0.6980289,-0.1618009,-0.6767951,0.06
0.1204133,1.573002,-0.4502996,0.1204133,25.68727,-0.4502996,-0.1676557,0.6968607,-0.1588997,-0.6789902,0.06
0.115555,1.572693,-0.452475,0.115555,25.68729,-0.452475,-0.1663777,0.6956483,-0.1554728,-0.6813371,0.06
0.110707,1.572289,-0.4544438,0.110707,25.68703,-0.4544438,-0.1652441,0.6941771,-0.1521852,-0.6838511,0.06
0.1059999,1.571632,-0.4566091,0.1059999,25.68618,-0.4566091,-0.1637686,0.6924934,-0.148835,-0.6866447,0.06
0.1013277,1.570743,-0.4589144,0.1013277,25.68479,-0.4589144,-0.1623956,0.6905836,-0.1460255,-0.6894915,0.06
0.09663296,1.569751,-0.4611367,0.09663296,25.68314,-0.4611367,-0.1604051,0.6883079,-0.1438729,-0.6926782,0.06
0.09214115,1.568443,-0.4633647,0.09214115,25.68183,-0.4633647,-0.1580892,0.6862044,-0.1410509,-0.6958708,0.06
0.08796644,1.566735,-0.4657902,0.08796644,25.68013,-0.4657902,-0.1557171,0.6839917,-0.1387283,-0.6990436,0.06
0.08796644,1.566735,-0.4657902,0.08796644,25.68013,-0.4657902,-0.1557171,0.6839917,-0.1387283,-0.6990436,0.06
0.07996917,1.564298,-0.4701868,0.07996917,25.67769,-0.4701868,-0.156659,0.6788436,-0.1393724,-0.7037079,0.06
0.07996917,1.564298,-0.4701868,0.07996917,25.67769,-0.4701868,-0.156659,0.6788436,-0.1393724,-0.7037079,0.06
0.07490945,1.56532,-0.4731249,0.07490945,25.67973,-0.4731249,-0.1650577,0.673938,-0.1450417,-0.7053556,0.06
0.06542587,1.571473,-0.4771906,0.06542587,25.69204,-0.4771906,-0.1829716,0.6648308,-0.1579753,-0.7067993,0.06
0.06029534,1.574658,-0.4791912,0.06029534,25.69841,-0.4791912,-0.1859729,0.6616694,-0.1599367,-0.7085394,0.06
0.0550127,1.575724,-0.4809176,0.0550127,25.70054,-0.4809176,-0.1828124,0.6617884,-0.1575447,-0.7097855,0.06
0.04919624,1.574828,-0.4824861,0.04919624,25.69875,-0.4824861,-0.1736162,0.6654572,-0.1502288,-0.7102503,0.06
0.04370427,1.573386,-0.4841706,0.04370427,25.69587,-0.4841706,-0.1643615,0.6681072,-0.144065,-0.7112407,0.06
0.0373404,1.571507,-0.485576,0.0373404,25.6921,-0.485576,-0.1539872,0.6711551,-0.1382614,-0.7118445,0.06
0.03158927,1.569912,-0.4865931,0.03158927,25.68892,-0.4865931,-0.1466794,0.6731685,-0.1334759,-0.7123998,0.06
0.02619124,1.569792,-0.4877568,0.02619124,25.68868,-0.4877568,-0.1436563,0.673597,-0.1314911,-0.7129797,0.06
0.02111411,1.570703,-0.4885567,0.02111411,25.6905,-0.4885567,-0.1456734,0.6722872,-0.1323133,-0.7136542,0.06
0.0165174,1.571731,-0.489266,0.0165174,25.69255,-0.489266,-0.1512069,0.6696842,-0.1346567,-0.7145119,0.06
0.01228929,1.573401,-0.4893669,0.01228929,25.69589,-0.4893669,-0.1592596,0.6662784,-0.1396566,-0.7149863,0.06
0.01228929,1.573401,-0.4893669,0.01228929,25.69589,-0.4893669,-0.1592596,0.6662784,-0.1396566,-0.7149863,0.06
0.01228929,1.573401,-0.4893669,0.01228929,25.69589,-0.4893669,-0.1592596,0.6662784,-0.1396566,-0.7149863,0.06
0.003001928,1.576128,-0.4892517,0.003001928,25.70135,-0.4892517,-0.1697219,0.6618232,-0.1482253,-0.7149922,0.06
-0.005013704,1.578934,-0.4888576,-0.005013704,25.70696,-0.4888576,-0.1743341,0.661626,-0.1569063,-0.7122071,0.06
-0.009478569,1.579967,-0.4890021,-0.009478569,25.70903,-0.4890021,-0.1737368,0.6626797,-0.1581325,-0.7111014,0.06
-0.01397085,1.580873,-0.4892076,-0.01397085,25.71084,-0.4892076,-0.1736273,0.6637504,-0.1576294,-0.7102407,0.06
-0.01837349,1.581562,-0.4895607,-0.01837349,25.71222,-0.4895607,-0.1738307,0.6647406,-0.1546051,-0.7099297,0.06
-0.02280211,1.582212,-0.4900283,-0.02280211,25.71352,-0.4900283,-0.1745529,0.6651816,-0.151763,-0.7099526,0.06
-0.02730274,1.582576,-0.490317,-0.02730274,25.71424,-0.490317,-0.175165,0.6653432,-0.1474637,-0.7105561,0.06
-0.031847,1.583079,-0.4905685,-0.031847,25.71525,-0.4905685,-0.1751984,0.6649434,-0.1442977,-0.7115715,0.06
-0.03636765,1.583746,-0.4905988,-0.03636765,25.71659,-0.4905988,-0.1743114,0.6641874,-0.1420788,-0.7129405,0.06
-0.04087663,1.58434,-0.4907023,-0.04087663,25.71777,-0.4907023,-0.1731876,0.6635672,-0.1404562,-0.7141125,0.06
-0.04574895,1.584713,-0.4908065,-0.04574895,25.71852,-0.4908065,-0.1713804,0.6632602,-0.1380929,-0.7152936,0.06
-0.05050397,1.584692,-0.4910973,-0.05050397,25.71848,-0.4910973,-0.1694965,0.6631818,-0.1356198,-0.7162877,0.06
-0.05490422,1.584466,-0.4914581,-0.05490422,25.71803,-0.4914581,-0.168727,0.6627866,-0.1334131,-0.717249,0.06
-0.05922031,1.584224,-0.49187,-0.05922031,25.71754,-0.49187,-0.1688204,0.6625149,-0.1313831,-0.7178525,0.06
-0.06344938,1.584163,-0.4923471,-0.06344938,25.71742,-0.4923471,-0.1688883,0.6619613,-0.1292268,-0.718738,0.06
-0.06777859,1.584198,-0.4928812,-0.06777859,25.71749,-0.4928812,-0.1690699,0.6614908,-0.1272009,-0.7194896,0.06
-0.06777859,1.584198,-0.4928812,-0.06777859,25.71749,-0.4928812,-0.1690699,0.6614908,-0.1272009,-0.7194896,0.06
-0.06777859,1.584198,-0.4928812,-0.06777859,25.7175,-0.4928812,-0.1690699,0.6614908,-0.1272009,-0.7194896,0.06
-0.07714105,1.584769,-0.4940084,-0.07714105,25.71864,-0.4940084,-0.1671663,0.6615943,-0.1242897,-0.7203474,0.06
-0.08551145,1.585617,-0.4946386,-0.08551145,25.72034,-0.4946386,-0.1622393,0.6618403,-0.1222613,-0.7215941,0.06
-0.09011149,1.586231,-0.4948128,-0.09011149,25.72157,-0.4948128,-0.1583304,0.6616647,-0.1207636,-0.7228745,0.06
-0.0944283,1.58685,-0.4950398,-0.0944283,25.72281,-0.4950398,-0.154653,0.6615275,-0.1186255,-0.724149,0.06
-0.09880161,1.587632,-0.4950532,-0.09880161,25.72437,-0.4950532,-0.1504973,0.6613492,-0.1160862,-0.7255975,0.06
-0.103497,1.588334,-0.4950937,-0.103497,25.72578,-0.4950937,-0.1466345,0.6613416,-0.1137782,-0.72676,0.06
-0.1077633,1.589025,-0.4950305,-0.1077633,25.72717,-0.4950305,-0.1424833,0.661607,-0.1110517,-0.7277652,0.06
-0.1119006,1.58974,-0.4949387,-0.1119006,25.7286,-0.4949387,-0.1395819,0.6619307,-0.1090638,-0.7283335,0.06
-0.1159782,1.590497,-0.4946264,-0.1159782,25.73013,-0.4946264,-0.137087,0.6626464,-0.1074474,-0.7283968,0.06
-0.1199975,1.591199,-0.4944493,-0.1199975,25.73154,-0.4944493,-0.1345342,0.6632771,-0.1059847,-0.7285131,0.06
-0.1242785,1.591776,-0.4939445,-0.1242785,25.7327,-0.4939445,-0.1319314,0.6638876,-0.104734,-0.7286139,0.06
-0.1292083,1.59236,-0.4932977,-0.1292083,25.73388,-0.4932977,-0.1290811,0.664521,-0.1027422,-0.7288306,0.06
-0.133956,1.592398,-0.4925772,-0.133956,25.73396,-0.4925772,-0.1255988,0.665225,-0.1005295,-0.7291053,0.06
-0.1387575,1.592448,-0.4918374,-0.1387575,25.73408,-0.4918374,-0.1222864,0.6663038,-0.09828813,-0.7289889,0.06
-0.1434348,1.592439,-0.491053,-0.1434348,25.73408,-0.491053,-0.1192606,0.6674045,-0.0961663,-0.7287663,0.06
-0.1483686,1.59247,-0.4901122,-0.1483686,25.73416,-0.4901122,-0.116496,0.6686274,-0.09444596,-0.7283173,0.06
-0.1483686,1.59247,-0.4901122,-0.1483686,25.73418,-0.4901122,-0.116496,0.6686274,-0.09444596,-0.7283173,0.06
-0.1483686,1.59247,-0.4901122,-0.1483686,25.73421,-0.4901122,-0.116496,0.6686274,-0.09444596,-0.7283173,0.06
-0.1593056,1.591989,-0.4874693,-0.1593056,25.73328,-0.4874693,-0.1129149,0.6706891,-0.092342,-0.7272547,0.06
-0.1683769,1.591177,-0.4846166,-0.1683769,25.73169,-0.4846166,-0.1130084,0.6715714,-0.09265846,-0.7263852,0.06
-0.1735461,1.590224,-0.4827625,-0.1735461,25.72983,-0.4827625,-0.1130771,0.672399,-0.09265932,-0.7256083,0.06
-0.1788285,1.589049,-0.4808365,-0.1788285,25.72753,-0.4808365,-0.1127787,0.6735737,-0.09229971,-0.7246104,0.06
-0.1842527,1.587389,-0.4788731,-0.1842527,25.72427,-0.4788731,-0.1125806,0.6749722,-0.09186225,-0.7233944,0.06
-0.1897516,1.585661,-0.4769484,-0.1897516,25.72089,-0.4769484,-0.1117634,0.6768146,-0.09150334,-0.7218436,0.06
-0.1955814,1.583509,-0.474681,-0.1955814,25.71667,-0.474681,-0.1119357,0.6787995,-0.09185134,-0.7199063,0.06
-0.2014046,1.581689,-0.4726118,-0.2014046,25.71485,-0.4726118,-0.1130321,0.680664,-0.09364225,-0.7177405,0.06
-0.2076616,1.580333,-0.4704989,-0.2076616,25.71349,-0.4704989,-0.1176017,0.6819618,-0.09842797,-0.7151293,0.06
-0.2140989,1.579863,-0.4683095,-0.2140989,25.71302,-0.4683095,-0.1244717,0.6832516,-0.1053433,-0.7117421,0.06
-0.2205877,1.579745,-0.4663523,-0.2205877,25.7129,-0.4663523,-0.1328128,0.6843382,-0.1142659,-0.7078032,0.06
-0.2277515,1.580028,-0.4642617,-0.2277515,25.71319,-0.4642617,-0.1428565,0.6846755,-0.1252085,-0.7036578,0.06
-0.2277515,1.580028,-0.4642617,-0.2277515,25.71984,-0.4642617,-0.1428565,0.6846755,-0.1252085,-0.7036578,0.06
-0.2277515,1.580028,-0.4642617,-0.2277515,25.721,-0.4642617,-0.1428565,0.6846755,-0.1252085,-0.7036578,0.06
-0.242723,1.579728,-0.4604222,-0.242723,25.72177,-0.4604222,-0.155491,0.6853221,-0.1381485,-0.6979048,0.06
-0.2559998,1.577318,-0.4579533,-0.2559998,25.71854,-0.4579533,-0.1588885,0.6875014,-0.1415146,-0.6943126,0.06
-0.2622743,1.575814,-0.4572514,-0.2622743,25.71739,-0.4572514,-0.159617,0.6881537,-0.1424669,-0.6933038,0.06
-0.2680788,1.574508,-0.4566218,-0.2680788,25.71693,-0.4566218,-0.1610975,0.68932,-0.1444056,-0.691399,0.06
-0.2736115,1.573316,-0.4561263,-0.2736115,25.71704,-0.4561263,-0.164404,0.6893073,-0.1464884,-0.6901941,0.06
-0.2800047,1.573337,-0.4543234,-0.2800047,25.71996,-0.4543234,-0.1687188,0.6882911,-0.1506203,-0.6892772,0.06
-0.2853019,1.573026,-0.4546045,-0.2853019,25.72265,-0.4546045,-0.1728903,0.6881297,-0.1552083,-0.6873841,0.06
-0.2896605,1.572466,-0.4558786,-0.2896605,25.72533,-0.4558786,-0.1748496,0.6888645,-0.1592735,-0.6852191,0.06
-0.2956734,1.57262,-0.4551617,-0.2956734,25.72995,-0.4551617,-0.1748778,0.6905192,-0.1629753,-0.6826712,0.06
-0.3009076,1.572168,-0.4552065,-0.3009076,25.73394,-0.4552065,-0.1741892,0.6924251,-0.1659428,-0.6801975,0.06
-0.305923,1.571613,-0.4563106,-0.305923,25.73833,-0.4563106,-0.1727116,0.6943758,-0.1680065,-0.6780759,0.06
-0.3119924,1.571419,-0.4559532,-0.3119924,25.74409,-0.4559532,-0.1724201,0.6954228,-0.1699034,-0.6766028,0.06
-0.3174183,1.570837,-0.456544,-0.3174183,25.74974,-0.456544,-0.1729081,0.695933,-0.1705777,-0.6757835,0.06
-0.3224627,1.570117,-0.457975,-0.3224627,25.75577,-0.457975,-0.1753444,0.695813,-0.17109,-0.6751495,0.06
-0.3281031,1.570039,-0.4584249,-0.3281031,25.76374,-0.4584249,-0.1796289,0.6950265,-0.172038,-0.6745922,0.06
-0.3336728,1.569337,-0.4595941,-0.3336728,25.77106,-0.4595941,-0.1840155,0.6947865,-0.1732183,-0.6733539,0.06
-0.3336728,1.569337,-0.4595941,-0.3336728,25.78035,-0.4595941,-0.1840155,0.6947865,-0.1732183,-0.6733539,0.06
-0.3427211,1.567699,-0.461867,-0.3427211,25.78681,-0.461867,-0.1919935,0.693467,-0.179011,-0.6709673,0.06
-0.3468797,1.567473,-0.4628395,-0.3468797,25.79646,-0.4628395,-0.1947551,0.6929409,-0.1842162,-0.669304,0.06
-0.3468797,1.567473,-0.4628395,-0.3468797,25.80678,-0.4628395,-0.1947551,0.6929409,-0.1842162,-0.669304,0.06
-0.3548776,1.567816,-0.4650236,-0.3548776,25.81787,-0.4650236,-0.1952067,0.6935291,-0.1958216,-0.6652561,0.06
-0.3590646,1.568027,-0.4661332,-0.3590646,25.82864,-0.4661332,-0.1941743,0.6952239,-0.1995899,-0.6626643,0.06
-0.3628831,1.567932,-0.4678026,-0.3628831,25.83861,-0.4678026,-0.1937743,0.6970766,-0.2021512,-0.6600536,0.06
-0.3672538,1.567995,-0.4686226,-0.3672538,25.84856,-0.4686226,-0.1933097,0.6995341,-0.2039275,-0.6570366,0.06
-0.3715103,1.567716,-0.4697722,-0.3715103,25.85739,-0.4697722,-0.1930687,0.7019526,-0.2057035,-0.6539672,0.06
-0.375543,1.566936,-0.4713222,-0.375543,25.86468,-0.4713222,-0.1925682,0.7049125,-0.2069568,-0.6505266,0.06
-0.3796403,1.566457,-0.4720351,-0.3796403,25.87198,-0.4720351,-0.193427,0.7071488,-0.2078669,-0.6475476,0.06
-0.383549,1.565787,-0.473004,-0.383549,25.87825,-0.473004,-0.1948003,0.7089837,-0.2081849,-0.6450225,0.06
-0.3867202,1.564721,-0.4745411,-0.3867202,25.88307,-0.4745411,-0.1969604,0.7105336,-0.2075633,-0.6428579,0.06
-0.3902068,1.564095,-0.4746619,-0.3902068,25.8881,-0.4746619,-0.1997259,0.7115887,-0.2064169,-0.6412045,0.06
-0.3902068,1.564095,-0.4746619,-0.3902068,25.89374,-0.4746619,-0.1997259,0.7115887,-0.2064169,-0.6412045,0.06
-0.3902068,1.564095,-0.4746619,-0.3902068,25.89875,-0.4746619,-0.1997259,0.7115887,-0.2064169,-0.6412045,0.06
-0.396365,1.561923,-0.4759837,-0.396365,25.89885,-0.4759837,-0.2037615,0.7136374,-0.2060815,-0.6377565,0.06
-0.4008393,1.559959,-0.475247,-0.4008393,25.89882,-0.475247,-0.2068669,0.7138656,-0.2071799,-0.6361434,0.06
-0.4025958,1.558657,-0.4754473,-0.4025958,25.89962,-0.4754473,-0.2086084,0.7136806,-0.2084948,-0.6353523,0.06
-0.4047493,1.557717,-0.4746386,-0.4047493,25.90071,-0.4746386,-0.2111523,0.7130116,-0.2103922,-0.6346372,0.06
-0.4070735,1.556499,-0.4743453,-0.4070735,25.90085,-0.4743453,-0.2148018,0.7118679,-0.2125022,-0.6339931,0.06
-0.408612,1.555269,-0.474583,-0.408612,25.90061,-0.474583,-0.2182679,0.710844,-0.2139644,-0.633466,0.06
-0.4103976,1.554249,-0.4738895,-0.4103976,25.90048,-0.4738895,-0.2219596,0.7093719,-0.2152005,-0.6334147,0.06
-0.4120828,1.553108,-0.4736556,-0.4120828,25.89985,-0.4736556,-0.2252454,0.7077425,-0.2160356,-0.6337932,0.06
-0.4132178,1.551695,-0.4737905,-0.4132178,25.89843,-0.4737905,-0.2282752,0.7056226,-0.2172578,-0.6346545,0.06
-0.4149938,1.550518,-0.4732703,-0.4149938,25.89729,-0.4732703,-0.2302109,0.7041305,-0.2186794,-0.6351241,0.06
-0.4165163,1.549182,-0.4730521,-0.4165163,25.89565,-0.4730521,-0.2313172,0.7025579,-0.2201183,-0.6359659,0.06
-0.4184536,1.547916,-0.4727882,-0.4184536,25.89399,-0.4727882,-0.2324996,0.7013506,-0.2216012,-0.6363522,0.06
-0.4202816,1.546528,-0.4729379,-0.4202816,25.89197,-0.4729379,-0.2339536,0.7000642,-0.222178,-0.6370344,0.06
-0.4221168,1.544754,-0.473509,-0.4221168,25.88906,-0.473509,-0.235534,0.6989061,-0.2220316,-0.6377742,0.06
-0.4236426,1.542837,-0.4743253,-0.4236426,25.88577,-0.4743253,-0.2365174,0.6979861,-0.2218099,-0.6384946,0.06
-0.4249876,1.541033,-0.4751395,-0.4249876,25.88262,-0.4751395,-0.2380407,0.6965694,-0.2224237,-0.6392617,0.06
-0.4249876,1.541033,-0.4751395,-0.4249876,25.88301,-0.4751395,-0.2380407,0.6965694,-0.2224237,-0.6392617,0.06
-0.4249876,1.541033,-0.4751395,-0.4249876,25.88334,-0.4751395,-0.2380407,0.6965694,-0.2224237,-0.6392617,0.06
-0.4275626,1.537193,-0.4773794,-0.4275626,25.87595,-0.4773794,-0.2436745,0.6922188,-0.2257566,-0.6406949,0.06
-0.4296016,1.534568,-0.479385,-0.4296016,25.87094,-0.479385,-0.2500457,0.6879274,-0.2292071,-0.6416363,0.06
-0.4306045,1.53302,-0.4809886,-0.4306045,25.86804,-0.4809886,-0.2530318,0.685461,-0.2305953,-0.6426071,0.06
-0.4317604,1.531325,-0.4824814,-0.4317604,25.86482,-0.4824814,-0.2554371,0.6834309,-0.2313849,-0.6435333,0.06
-0.4330643,1.529512,-0.4841155,-0.4330643,25.86135,-0.4841155,-0.2574468,0.6818218,-0.2318673,-0.6442653,0.06
-0.4343441,1.528055,-0.4858679,-0.4343441,25.85989,-0.4858679,-0.2593681,0.6803992,-0.2345378,-0.644032,0.06
-0.4359057,1.527519,-0.487516,-0.4359057,25.85935,-0.487516,-0.2621714,0.6789216,-0.2389254,-0.6428423,0.06
-0.4375274,1.527696,-0.4891466,-0.4375274,25.85953,-0.4891466,-0.2654876,0.6767407,-0.2441855,-0.6418036,0.06
-0.439918,1.528981,-0.4911603,-0.439918,25.86081,-0.4911603,-0.270227,0.6739815,-0.2517475,-0.6398042,0.06
-0.4427093,1.530765,-0.492951,-0.4427093,25.8626,-0.492951,-0.2747991,0.6709582,-0.2567562,-0.6390437,0.06
-0.44572,1.533343,-0.4950765,-0.44572,25.86518,-0.4950765,-0.2781263,0.6675497,-0.2578763,-0.6407208,0.06
-0.448428,1.534451,-0.4973816,-0.448428,25.86628,-0.4973816,-0.2783548,0.666221,-0.2568918,-0.6423977,0.06
-0.4514052,1.534562,-0.4996556,-0.4514052,25.86639,-0.4996556,-0.2746262,0.6678079,-0.2524513,-0.6441129,0.06
-0.453807,1.534494,-0.5018913,-0.453807,25.86633,-0.5018913,-0.269472,0.6699508,-0.2498235,-0.6450884,0.06
-0.4557682,1.534464,-0.5043401,-0.4557682,25.8663,-0.5043401,-0.2620342,0.6739034,-0.2494171,-0.644192,0.06
-0.4557682,1.534464,-0.5043401,-0.4557682,25.8663,-0.5043401,-0.2620342,0.6739034,-0.2494171,-0.644192,0.06
-0.4575226,1.534651,-0.5072991,-0.4575226,25.86648,-0.5072991,-0.2544999,0.6786605,-0.2512329,-0.6415074,0.06
-0.4575226,1.534651,-0.5072991,-0.4575226,25.86648,-0.5072991,-0.2544999,0.6786605,-0.2512329,-0.6415074,0.06
-0.4581718,1.534384,-0.5136153,-0.4581718,25.86622,-0.5136153,-0.2442522,0.6875914,-0.260319,-0.6322919,0.06
-0.4581718,1.534384,-0.5136153,-0.4581718,25.86622,-0.5136153,-0.2442522,0.6875914,-0.260319,-0.6322919,0.06
-0.4578762,1.533987,-0.5183007,-0.4578762,25.86582,-0.5183007,-0.2446723,0.6920228,-0.2630388,-0.6261395,0.06
-0.4576685,1.533912,-0.5204166,-0.4576685,25.86575,-0.5204166,-0.2469786,0.6934128,-0.2628894,-0.6237543,0.06
-0.4574965,1.533661,-0.5226995,-0.4574965,25.86549,-0.5226995,-0.2503048,0.6944818,-0.2613337,-0.62189,0.06
-0.4572405,1.533209,-0.5250369,-0.4572405,25.86504,-0.5250369,-0.2532142,0.6952227,-0.2592668,-0.6207485,0.06
-0.4569949,1.532738,-0.5271949,-0.4569949,25.86457,-0.5271949,-0.256818,0.6952251,-0.2565962,-0.6203749,0.06
-0.4571298,1.532293,-0.5293158,-0.4571298,25.86413,-0.5293158,-0.2597082,0.6946853,-0.2550049,-0.6204325,0.06
-0.4569992,1.531971,-0.5316359,-0.4569992,25.8638,-0.5316359,-0.2625317,0.6932386,-0.2539237,-0.6213052,0.06
-0.457128,1.531574,-0.5336903,-0.457128,25.86341,-0.5336903,-0.2635898,0.6919926,-0.2535156,-0.6224118,0.06
-0.4574108,1.530987,-0.5359405,-0.4574108,25.86282,-0.5359405,-0.262374,0.6909938,-0.2538567,-0.6238945,0.06
-0.4573374,1.530208,-0.5380317,-0.4573374,25.86204,-0.5380317,-0.2583649,0.690974,-0.2555348,-0.6249036,0.06
-0.4573944,1.529728,-0.5397645,-0.4573944,25.86156,-0.5397645,-0.2541465,0.6913669,-0.2578369,-0.6252532,0.06
-0.4572856,1.529506,-0.5414582,-0.4572856,25.86134,-0.5414582,-0.2490232,0.6918285,-0.2611704,-0.6254205,0.06
-0.4572575,1.529271,-0.5432039,-0.4572575,25.8611,-0.5432039,-0.245313,0.6923031,-0.263635,-0.6253276,0.06
-0.4571923,1.528992,-0.5448304,-0.4571923,25.86082,-0.5448304,-0.2420047,0.6929593,-0.2652355,-0.625213,0.06
-0.4571923,1.528992,-0.5448304,-0.4571923,25.86082,-0.5448304,-0.2420047,0.6929593,-0.2652355,-0.625213,0.06
-0.4574423,1.528427,-0.5484608,-0.4574423,25.8597,-0.5484608,-0.2377788,0.6931974,-0.2677661,-0.6254919,0.06
-0.4576405,1.528523,-0.549805,-0.4576405,25.85989,-0.549805,-0.2369691,0.6924894,-0.2684096,-0.626307,0.06
-0.4576405,1.528523,-0.549805,-0.4576405,25.85989,-0.549805,-0.2369691,0.6924894,-0.2684096,-0.626307,0.06
-0.4577228,1.528558,-0.5514184,-0.4577228,25.85996,-0.5514184,-0.2372701,0.6913764,-0.2684671,-0.6273969,0.06
-0.4571743,1.529034,-0.5526658,-0.4571743,25.86091,-0.5526658,-0.2400612,0.6893886,-0.2692134,-0.6282023,0.06
-0.4559174,1.530816,-0.5545834,-0.4559174,25.86447,-0.5545834,-0.2494595,0.6843378,-0.2745024,-0.627774,0.06
-0.4552934,1.531947,-0.5557011,-0.4552934,25.86674,-0.5557011,-0.2547902,0.6820659,-0.2775858,-0.6267489,0.06
-0.4551566,1.532833,-0.5566257,-0.4551566,25.86851,-0.5566257,-0.2584679,0.680682,-0.2791893,-0.6260349,0.06
-0.4559418,1.533018,-0.5574704,-0.4559418,25.86888,-0.5574704,-0.2590092,0.6812082,-0.2783872,-0.6255959,0.06
-0.4572327,1.532886,-0.5582663,-0.4572327,25.86861,-0.5582663,-0.2564239,0.683433,-0.2741843,-0.6260903,0.06
-0.4588249,1.532346,-0.5589551,-0.4588249,25.86753,-0.5589551,-0.252239,0.6864847,-0.2688308,-0.6267729,0.06
-0.4609485,1.531418,-0.5595132,-0.4609485,25.86568,-0.5595132,-0.2467584,0.6900048,-0.2614211,-0.6282219,0.06
-0.4628695,1.530197,-0.559889,-0.4628695,25.86324,-0.559889,-0.2434839,0.6921923,-0.2547287,-0.6298403,0.06
-0.4644382,1.529372,-0.5599777,-0.4644382,25.86159,-0.5599777,-0.2427056,0.692543,-0.2499129,-0.6316816,0.06
-0.4659618,1.528898,-0.5595676,-0.4659618,25.86064,-0.5595676,-0.2438415,0.6909057,-0.24564,-0.6347059,0.06
-0.467178,1.528644,-0.5590166,-0.467178,25.86013,-0.5590166,-0.2458835,0.6883726,-0.2433887,-0.6375315,0.06
-0.4681163,1.528575,-0.5577685,-0.4681163,25.85999,-0.5577685,-0.2492805,0.6843724,-0.2433509,-0.6405264,0.06
-0.4681163,1.528575,-0.5577685,-0.4681163,25.85999,-0.5577685,-0.2492805,0.6843724,-0.2433509,-0.6405264,0.06
-0.4681163,1.528575,-0.5577685,-0.4681163,25.85999,-0.5577685,-0.2492805,0.6843724,-0.2433509,-0.6405264,0.06
-0.4687502,1.528249,-0.5548328,-0.4687502,25.85934,-0.5548328,-0.255688,0.6761984,-0.2479388,-0.6449075,0.06
-0.4681516,1.52742,-0.5511111,-0.4681516,25.85768,-0.5511111,-0.2599169,0.6695756,-0.2560654,-0.6469485,0.06
-0.4678509,1.527038,-0.5492176,-0.4678509,25.85692,-0.5492176,-0.2622178,0.6660811,-0.2596557,-0.648195,0.06
-0.4677862,1.526758,-0.5476202,-0.4677862,25.85636,-0.5476202,-0.2641506,0.662769,-0.2614375,-0.6500863,0.06
-0.4677852,1.526643,-0.5461622,-0.4677852,25.85613,-0.5461622,-0.2673234,0.6589009,-0.2622612,-0.6523857,0.06
-0.4678912,1.526488,-0.5449158,-0.4678912,25.85582,-0.5449158,-0.2701372,0.6553821,-0.262266,-0.6547647,0.06
-0.4681013,1.526346,-0.5437473,-0.4681013,25.85554,-0.5437473,-0.2729844,0.6517879,-0.2619959,-0.6572748,0.06
-0.4685504,1.526111,-0.5425225,-0.4685504,25.85506,-0.5425225,-0.2750885,0.6487774,-0.2614979,-0.6595704,0.06
-0.4690192,1.526166,-0.5414928,-0.4690192,25.85518,-0.5414928,-0.2765813,0.6459777,-0.2613859,-0.6617348,0.06
-0.4696555,1.526165,-0.5404006,-0.4696555,25.85518,-0.5404006,-0.2771143,0.6438261,-0.261733,-0.6634693,0.06
-0.4705874,1.526283,-0.539378,-0.4705874,25.85541,-0.539378,-0.2765293,0.642391,-0.2618474,-0.6650573,0.06
-0.4716022,1.526346,-0.5383934,-0.4716022,25.85554,-0.5383934,-0.2752116,0.6413206,-0.2617416,-0.6666767,0.06
-0.4723685,1.526337,-0.537778,-0.4723685,25.85552,-0.537778,-0.2738383,0.641283,-0.2613723,-0.6674229,0.06
-0.4733241,1.526143,-0.5371383,-0.4733241,25.85514,-0.5371383,-0.2729777,0.6413427,-0.2607409,-0.6679648,0.06
-0.474071,1.525943,-0.5369271,-0.474071,25.85474,-0.5369271,-0.2725367,0.6419433,-0.2602605,-0.6677552,0.06
-0.4747707,1.52567,-0.5366336,-0.4747707,25.8542,-0.5366336,-0.2726344,0.6421501,-0.2596226,-0.6677648,0.06
-0.4747707,1.52567,-0.5366336,-0.4747707,25.8542,-0.5366336,-0.2726344,0.6421501,-0.2596226,-0.6677648,0.06
-0.4747707,1.52567,-0.5366336,-0.4747707,25.8542,-0.5366336,-0.2726344,0.6421501,-0.2596226,-0.6677648,0.06
-0.4767501,1.525191,-0.5360566,-0.4767501,25.85325,-0.5360566,-0.2727783,0.6431593,-0.2597056,-0.6667017,0.06
-0.4785336,1.524909,-0.5353185,-0.4785336,25.85269,-0.5353185,-0.2725746,0.6450257,-0.2595071,-0.6650572,0.06
-0.4794391,1.524588,-0.5347916,-0.4794391,25.85205,-0.5347916,-0.2717916,0.6464719,-0.2570707,-0.6649196,0.06
-0.4800863,1.524299,-0.5342637,-0.4800863,25.85148,-0.5342637,-0.2715533,0.6468736,-0.2545,-0.6656149,0.06
-0.4804413,1.524194,-0.5339855,-0.4804413,25.85128,-0.5339855,-0.2722176,0.6463001,-0.2530736,-0.6664439,0.06
-0.479969,1.524378,-0.5338789,-0.479969,25.85165,-0.5338789,-0.27478,0.6446196,-0.2530299,-0.6670363,0.06
-0.4795482,1.524571,-0.5336515,-0.4795482,25.85205,-0.5336515,-0.2773522,0.6432617,-0.2533222,-0.6671717,0.06
-0.478888,1.524787,-0.5336879,-0.478888,25.85249,-0.5336879,-0.2801494,0.6420496,-0.2545505,-0.6667029,0.06
-0.478219,1.524922,-0.5336033,-0.478219,25.85277,-0.5336033,-0.2819983,0.6416274,-0.255428,-0.6659938,0.06
-0.4778494,1.525059,-0.5335478,-0.4778494,25.85306,-0.5335478,-0.2827186,0.6417071,-0.2560757,-0.6653627,0.06
-0.4777288,1.525221,-0.5333556,-0.4777288,25.85341,-0.5333556,-0.2824742,0.6421947,-0.2561884,-0.6649525,0.06
-0.4779459,1.52536,-0.5333394,-0.4779459,25.85371,-0.5333394,-0.2815303,0.642602,-0.2556038,-0.6651843,0.06
-0.4785714,1.525469,-0.533192,-0.4785714,25.85395,-0.533192,-0.278998,0.64367,-0.2548538,-0.6655063,0.06
-0.4788141,1.525465,-0.5329343,-0.4788141,25.85398,-0.5329343,-0.2772067,0.6444127,-0.2541573,-0.6658024,0.06
-0.4794111,1.525378,-0.5327381,-0.4794111,25.85384,-0.5327381,-0.2750648,0.6453892,-0.2538608,-0.665858,0.06
-0.4794111,1.525378,-0.5327381,-0.4794111,25.85388,-0.5327381,-0.2750648,0.6453892,-0.2538608,-0.665858,0.06
-0.480144,1.525351,-0.5324026,-0.480144,25.85388,-0.5324026,-0.272615,0.6464698,-0.2540077,-0.6657613,0.06
-0.480144,1.525351,-0.5324026,-0.480144,25.85394,-0.5324026,-0.272615,0.6464698,-0.2540077,-0.6657613,0.06
-0.4819658,1.52519,-0.5313755,-0.4819658,25.85369,-0.5313755,-0.2662939,0.6514844,-0.2548057,-0.6631213,0.06
-0.4829741,1.524858,-0.5308703,-0.4829741,25.85312,-0.5308703,-0.2640419,0.6536013,-0.2547037,-0.6619768,0.06
-0.4836608,1.524505,-0.5304319,-0.4836608,25.85251,-0.5304319,-0.2622732,0.6554224,-0.2548321,-0.6608289,0.06
-0.4845793,1.523903,-0.5297374,-0.4845793,25.85143,-0.5297374,-0.2612693,0.6571538,-0.254696,-0.6595583,0.06
-0.4845793,1.523903,-0.5297374,-0.4845793,25.85157,-0.5297374,-0.2612693,0.6571538,-0.254696,-0.6595583,0.06
-0.4870245,1.522233,-0.5280164,-0.4870245,25.84839,-0.5280164,-0.2618629,0.6607022,-0.2564434,-0.6550856,0.06
-0.4885253,1.521543,-0.5271672,-0.4885253,25.84721,-0.5271672,-0.262599,0.6620363,-0.2567855,-0.6533077,0.06
-0.4907975,1.520517,-0.5260788,-0.4907975,25.84539,-0.5260788,-0.2627655,0.6641509,-0.2563325,-0.6512692,0.06
-0.4907975,1.520517,-0.5260788,-0.4907975,25.84566,-0.5260788,-0.2627655,0.6641509,-0.2563325,-0.6512692,0.06
-0.4935151,1.519316,-0.5249997,-0.4935151,25.84358,-0.5249997,-0.2629831,0.6663343,-0.2557411,-0.6491802,0.06
-0.4964476,1.518828,-0.5235857,-0.4964476,25.84298,-0.5235857,-0.2641555,0.6675138,-0.2561475,-0.6473297,0.06
-0.5021607,1.517462,-0.5207642,-0.5021607,25.84069,-0.5207642,-0.2642441,0.6706815,-0.2572473,-0.6435722,0.06
-0.5054508,1.5162,-0.5191733,-0.5054508,25.83869,-0.5191733,-0.2626738,0.6733992,-0.2575485,-0.6412525,0.06
-0.5095574,1.514808,-0.5172092,-0.5095574,25.83652,-0.5172092,-0.2609649,0.676706,-0.2573472,-0.6385443,0.06
-0.5138847,1.513535,-0.5154675,-0.5138847,25.8347,-0.5154675,-0.2594826,0.6798155,-0.2567622,-0.6360762,0.06
-0.5181848,1.512276,-0.5138508,-0.5181848,25.83303,-0.5138508,-0.2584686,0.6824623,-0.2552415,-0.6342642,0.06
-0.5181848,1.512276,-0.5138508,-0.5181848,25.83402,-0.5138508,-0.2584686,0.6824623,-0.2552415,-0.6342642,0.06
-0.5181848,1.512276,-0.5138508,-0.5181848,25.83519,-0.5138508,-0.2584686,0.6824623,-0.2552415,-0.6342642,0.06
-0.5332128,1.508528,-0.5077029,-0.5332128,25.83144,-0.5077029,-0.2558444,0.6909558,-0.2503072,-0.6280685,0.06
